3
4
5
34
47
48
49
50
51
80
93
94
95
96
97
140
141
142
143
144
145
174
187
188
189
190
191
220
233
234
235
236
237
266
279
280
281
282
283
376
377
392
405
420
421
422
427
428
429
430
443
444
457
458
459
460
461
462
463
464
465
466
467
468
469
470
471
472
473
474
475
476
489
490
503
504
505
506
507
508
509
510
511
512
513
514
515
516
517
518
519
520
521
522
535
536
537
538
539
540
541
542
543
544
549
550
555
556
557
558
559
560
561
562
563
564
565
566
567
568
569
570
583
584
597
598
599
600
601
602
603
604
605
606
607
608
609
610
611
612
613
614
615
616
629
630
643
644
645
646
647
648
649
650
651
652
653
654
655
656
657
658
659
660
661
662
663
664
665
666
667
668
669
670
675
676
677
678
679
680
681
682
683
684
685
686
687
688
689
690
695
696
697
698
699
700
701
702
703
704
705
706
707
754
755
800
801
802
803
804
805
806
811
812
813
814
815
816
825
826
827
828
829
830
843
844
845
846
849
850
851
852
853
854
867
868
881
882
895
896
897
898
899
900
909
910
911
912
913
914
923
924
925
926
927
928
937
938
939
940
941
942
943
944
945
946
959
960
969
970
971
972
973
974
979
980
981
982
983
984
985
986
987
988
989
990
991
992
993
994
1007
1008
1013
1014
1015
1016
1017
1018
1019
1020
1021
1022
1027
1028
1029
1030
1031
1032
1033
1034
1035
1036
1037
1038
1039
1040
1045
1046
1047
1048
1049
1050
1051
1052
1053
1054
1055
1056
1057
1058
1059
1060
1061
1062
1063
1064
1065
1066
1067
1068
1069
1070
1071
1072
1073
1074
1075
1076
1077
1078
1079
1080
1081
1082
1083
1084
1085
1086
1095
1096
1097
1098
1099
1100
1109
1110
1111
1112
1113
1114
1115
1116
1117
1118
1119
1120
1121
1122
1123
1124
1125
1126
1127
1128
1129
1130
1131
1132
1133
1134
1139
1140
1141
1142
1143
1144
1145
1146
1147
1148
1153
1154
1155
1156
1157
1158
1159
1160
1161
1162
1171
1172
1173
1174
1175
1176
1177
1178
1179
1180
1181
1182
1183
1184
1185
1186
1187
1188
1189
1190
1191
1192
1193
1194
1195
1196
1197
1198
1199
1200
1201
1202
1203
1204
1205
1206
1207
1208
1213
1214
1215
1216
1217
1218
1219
1220
1221
1222
1223
1224
1225
1226
1227
1228
1229
1230
1231
1232
1233
1234
1235
1236
1237
1238
1239
1240
1241
1242
1243
1244
1245
1246
1247
1248
1249
1250
1251
1252
1253
1254
1255
1256
1257
1258
1259
1260
1261
1262
1263
1264
1265
1266
1267
1268
1269
1270
1271
1272
1274
1275
1276
1277
1296
1297
1298
1299
1318
1319
1320
1321
1334
1335
1336
1337
1338
1339
1340
1341
1342
1343
1344
1345
1364
1365
1366
1367
1368
1369
1370
1371
1372
1373
1374
1375
1376
1377
1378
1379
1380
1381
1382
1383
1384
1385
1386
1387
1388
1389
1396
1397
1398
1399
1400
1401
1402
1403
1404
1405
1406
1407
1408
1409
1410
1411
1412
1413
1414
1415
1416
1417
1418
1419
1420
1421
1422
1423
1424
1425
1426
1427
1428
1429
1430
1431
1432
1433
1434
1435
1436
1437
1438
1439
1440
1441
1442
1443
1444
1445
1446
1447
1448
1449
1450
1451
1452
1453
1454
1455
1456
1457
1458
1459
1460
1461
1462
1463
1464
1465
1466
1467
1468
1469
1470
1471
1472
1473
1474
1475
1476
1477
1478
1479
1480
1481
1482
1483
1502
1503
1504
1505
1524
1525
1526
1527
1546
1547
1548
1549
1550
1551
1558
1559
1560
1561
1562
1563
1570
1571
1572
1573
1574
1575
1576
1577
1578
1579
1580
1581
1582
1583
1584
1585
1586
1587
1588
1589
1590
1591
1592
1593
1594
1595
1608
1609
1610
1611
1612
1613
1614
1615
1616
1617
1618
1619
1620
1621
1622
1623
1624
1625
1626
1627
1628
1629
1630
1631
1632
1633
1634
1635
1636
1637
1638
1639
1640
1641
1642
1643
1644
1645
1646
1647
1648
1649
1650
1651
1652
1653
1654
1655
1656
1657
1658
1659
1660
1661
1662
1663
1664
1665
1666
1667
1668
1669
1670
1671
1672
1673
1674
1675
1676
1677
1678
1679
1680
1681
1682
1683
1684
1685
1686
1687
1688
1689
1708
1709
1710
1711
1730
1731
1732
1733
1754
1755
1756
1757
1758
1759
1760
1761
1762
1763
1764
1765
1766
1767
1768
1769
1770
1771
1772
1773
1774
1775
1776
1777
1778
1779
1792
1793
1794
1795
1796
1797
1798
1799
1800
1801
1820
1821
1822
1823
1824
1825
1826
1827
1828
1829
1830
1831
1832
1833
1834
1835
1836
1837
1838
1839
1840
1841
1842
1843
1844
1845
1846
1847
1854
1855
1856
1857
1858
1859
1860
1861
1862
1863
1864
1865
1866
1867
1868
1869
1876
1877
1878
1879
1880
1881
1882
1883
1884
1885
1886
1887
1888
1889
1890
1891
1894
1895
1896
1897
1916
1917
1918
1919
1938
1939
1940
1941
1960
1961
1962
1963
1964
1965
1978
1979
1980
1981
1982
1983
1984
1985
1986
1987
2000
2001
2002
2003
2004
2005
2006
2007
2008
2009
2022
2023
2024
2025
2026
2027
2028
2029
2030
2031
2032
2033
2052
2053
2054
2055
2068
2069
2070
2071
2072
2073
2074
2075
2076
2077
2078
2079
2080
2081
2082
2083
2084
2085
2086
2087
2088
2089
2090
2091
2092
2093
2094
2095
2096
2097
2098
2099
2100
2101
2102
2103
2122
2123
2124
2125
2144
2145
2146
2147
2166
2167
2168
2169
2170
2171
2172
2173
2174
2175
2176
2177
2178
2179
2180
2181
2182
2183
2184
2185
2186
2187
2188
2189
2190
2191
2192
2193
2194
2195
2196
2197
2198
2199
2200
2201
2202
2203
2204
2205
2206
2207
2208
2209
2210
2211
2212
2213
2214
2215
2228
2229
2230
2231
2232
2233
2234
2235
2236
2237
2238
2239
2252
2253
2254
2255
2256
2257
2258
2259
2260
2261
2268
2269
2270
2271
2272
2273
2274
2275
2276
2277
2278
2279
2280
2281
2282
2283
2284
2285
2286
2287
2288
2289
2290
2291
2292
2293
2294
2295
2296
2297
2298
2299
2300
2301
2302
2303
2304
2305
2307
2308
2309
2310
2311
2312
2313
2314
2315
2316
2317
2318
2319
2320
2321
2322
2323
2324
2325
2326
2327
2328
2329
2330
2331
2332
2333
2334
2335
2336
2337
2338
2339
2340
2341
2342
2343
2344
2345
2346
2347
2348
2349
2350
2351
2352
2353
2366
2367
2368
2369
2370
2371
2372
2373
2374
2375
2376
2377
2378
2379
2380
2381
2382
2383
2384
2385
2386
2387
2388
2389
2390
2391
2392
2393
2394
2395
2396
2397
2398
2399
2400
2401
2402
2403
2404
2405
2406
2407
2408
2409
2410
2411
2412
2413
2414
2415
2416
2417
2418
2419
2420
2421
2428
2429
2430
2431
2432
2433
2434
2435
2436
2437
2438
2439
2440
2441
2442
2443
2444
2445
2452
2453
2454
2455
2456
2457
2458
2459
2460
2461
2462
2463
2464
2465
2466
2467
2474
2475
2476
2477
2478
2479
2480
2481
2482
2483
2484
2485
2486
2487
2488
2489
2490
2491
2492
2493
2494
2495
2496
2497
2498
2499
2500
2501
2502
2503
2504
2505
2506
2507
2508
2509
2510
2511
2927
2928
2929
2936
2937
2938
2939
2940
2941
2942
2943
2944
2945
2946
2947
2948
2949
2950
2951
2952
2953
2954
2955
2956
2957
2958
2959
2960
2961
2962
2963
2964
2965
2966
2967
2968
2969
2970
2971
2972
2973
2974
2975
2976
2977
2978
2979
2980
2981
2982
2983
2984
2985
2986
2987
2988
2989
2990
2991
2992
2993
2994
2995
2996
2997
3010
3011
3012
3013
3014
3015
3016
3017
3018
3019
3026
3027
3028
3029
3030
3031
3032
3033
3034
3035
3036
3037
3038
3039
3040
3041
3042
3043
3044
3045
3046
3047
3048
3049
3050
3051
3052
3053
3054
3055
3056
3057
3058
3059
3060
3061
3062
3110
3111
3112
3113
3114
3115
3116
3117
3118
3119
3120
3121
3128
3129
