1
2
3
4
5
48
49
50
51
94
95
96
97
140
141
142
143
144
145
174
188
189
190
191
206
219
220
233
234
235
236
237
266
279
280
281
282
283
284
285
300
314
328
329
330
331
332
345
346
359
360
373
374
375
376
377
378
391
392
405
406
419
420
421
422
423
424
425
426
427
474
475
518
519
520
521
564
565
566
567
568
569
584
597
612
613
614
615
616
629
630
643
644
658
659
660
661
704
705
706
707
708
709
710
723
724
737
738
751
752
753
754
755
756
769
770
783
784
797
798
799
800
801
802
815
816
829
830
839
840
841
842
843
844
845
846
847
848
1131
1132
1133
1148
1162
1175
1176
1177
1178
1179
1208
1221
1222
1223
1270
