0	2.38325	0.88828	0	-0.258819	0.965926	
0	2.38325	0.88828	-0.766044	-0.166366	0.620885	
-0.88828	3.36136	1.86639	-0.965926	-0.183013	-0.183013	
-1.86639	4.6811	1.92991	0.183013	0.553603	-0.812422	
-1.86639	4.6811	1.92991	0.659314	0.738871	-0.139193	
-1.92991	6.30592	2.17147	0.812422	0.262047	0.520866	
-2.17147	7.49976	3.27548	0.344035	0.929324	-0.13415	
-2.17147	7.49976	3.27548	0.344035	0.929324	-0.13415	
-2.17147	7.49976	3.27548	0.716573	-0.0388694	0.696429	
-2.17147	7.49976	3.27548	0.716573	-0.0388694	0.696429	
-2.35359	7.32235	2.97159	0.573506	0.815461	0.07819	
-2.35359	7.32235	2.97159	0.573506	0.815461	0.07819	
-2.35359	7.32235	2.97159	0.303338	-0.159955	0.939362	
-2.35359	7.32235	2.97159	0.303338	-0.159955	0.939362	
-2.2631	7.33349	2.29908	0.452533	0.459202	0.764427	
-2.2631	7.33349	2.29908	0.452533	0.459202	0.764427	
-2.2631	7.33349	2.29908	-0.79474	0.0286872	0.606272	
-2.2631	7.33349	2.29908	-0.79474	0.0286872	0.606272	
-1.9287	6.39458	2.21771	-0.591239	0.739656	-0.321475	
-2.01934	5.96559	2.35359	0.453578	0.153716	0.87786	
-2.81042	6.98555	3.37158	0.324785	0.927315	0.186015	
-2.81042	6.98555	3.37158	0.324785	0.927315	0.186015	
-2.81042	6.98555	3.37158	0.299114	-0.167071	0.939477	
-2.81042	6.98555	3.37158	0.299114	-0.167071	0.939477	
-2.81767	6.86221	2.99512	0.430159	0.77524	0.462565	
-2.81767	6.86221	2.99512	0.430159	0.77524	0.462565	
-2.81767	6.86221	2.99512	-0.174114	-0.310151	0.934607	
-2.81767	6.86221	2.99512	-0.174114	-0.310151	0.934607	
-2.41829	6.97219	2.45755	0.0127763	0.323215	0.946239	
-2.41829	6.97219	2.45755	0.0127763	0.323215	0.946239	
-2.41829	6.97219	2.45755	-0.987978	-0.0378412	0.149889	
-2.41829	6.97219	2.45755	-0.987978	-0.0378412	0.149889	
-2.04425	6.04614	2.40737	-0.398794	0.798536	-0.450892	
-2.50277	5.49793	2.2631	-0.693233	-0.209279	0.689659	
-3.92366	6.3047	2.08251	-0.272614	0.744804	0.609056	
-3.92366	6.3047	2.08251	-0.272614	0.744804	0.609056	
-3.92366	6.3047	2.08251	-0.728359	-0.496059	0.472671	
-3.92366	6.3047	2.08251	-0.728359	-0.496059	0.472671	
-3.55258	6.30333	1.94365	-0.45836	0.499286	0.735268	
-3.55258	6.30333	1.94365	-0.45836	0.499286	0.735268	
-3.55258	6.30333	1.94365	-0.845915	-0.533282	-0.00611481	
-3.55258	6.30333	1.94365	-0.845915	-0.533282	-0.00611481	
-2.95331	6.48625	2.20444	-0.937453	0.0168533	0.347705	
-2.95331	6.48625	2.20444	-0.937453	0.0168533	0.347705	
-2.95331	6.48625	2.20444	-0.450828	0.118	-0.884777	
-2.95331	6.48625	2.20444	-0.450828	0.118	-0.884777	
-2.5783	5.56205	2.27666	0.105792	0.959607	-0.260697	
-1.89638	4.77649	1.9287	-0.750333	0.295698	0.591239	
-1.89638	4.77649	1.9287	-0.984317	0.025207	-0.174601	
-1.49697	4.56922	2.01934	0.512047	0.729434	-0.453578	
-1.49697	4.56922	2.01934	0.728144	0.588536	0.351328	
-1.49835	6.01027	2.81042	0.589947	-0.0927819	0.802093	
-2.01428	6.81858	4.14567	0.450539	0.8297	0.329564	
-2.01428	6.81858	4.14567	0.450539	0.8297	0.329564	
-2.01428	6.81858	4.14567	0.410878	-0.406305	0.816147	
-2.01428	6.81858	4.14567	0.410878	-0.406305	0.816147	
-2.08964	6.78845	3.75786	0.576936	0.609094	0.544195	
-2.08964	6.78845	3.75786	0.576936	0.609094	0.544195	
-2.08964	6.78845	3.75786	-0.0711634	-0.507667	0.858609	
-2.08964	6.78845	3.75786	-0.0711634	-0.507667	0.858609	
-1.76223	6.99135	3.19909	0.185547	0.0889215	0.978604	
-1.76223	6.99135	3.19909	0.185547	0.0889215	0.978604	
-1.76223	6.99135	3.19909	-0.953904	0.0033516	0.300094	
-1.76223	6.99135	3.19909	-0.953904	0.0033516	0.300094	
-1.50601	6.07752	2.88404	-0.367255	0.910396	-0.190536	
-1.67734	5.65686	2.81767	0.118433	-0.229712	0.966026	
-2.68798	6.44722	3.84547	0.317088	0.731131	0.604072	
-2.68798	6.44722	3.84547	0.317088	0.731131	0.604072	
-2.68798	6.44722	3.84547	-0.0757603	-0.513398	0.8548	
-2.68798	6.44722	3.84547	-0.0757603	-0.513398	0.8548	
-2.57001	6.45309	3.46727	0.301712	0.481126	0.823096	
-2.57001	6.45309	3.46727	0.301712	0.481126	0.823096	
-2.57001	6.45309	3.46727	-0.526149	-0.544467	0.653241	
-2.57001	6.45309	3.46727	-0.526149	-0.544467	0.653241	
-1.99562	6.63984	3.15777	-0.300418	-0.0013995	0.953807	
-1.99562	6.63984	3.15777	-0.300418	-0.0013995	0.953807	
-1.99562	6.63984	3.15777	-0.974758	0.126184	-0.184188	
-1.99562	6.63984	3.15777	-0.974758	0.126184	-0.184188	
-1.71267	5.71973	2.88695	-0.136676	0.96503	-0.22369	
-2.13523	5.35451	2.41829	-0.910895	-0.264529	0.316693	
-3.31765	6.45766	2.12268	-0.406341	0.555078	0.725793	
-3.31765	6.45766	2.12268	-0.406341	0.555078	0.725793	
-3.31765	6.45766	2.12268	-0.890834	-0.454223	0.00981644	
-3.31765	6.45766	2.12268	-0.890834	-0.454223	0.00981644	
-2.92316	6.42183	2.11363	-0.646162	0.327317	0.689447	
-2.92316	6.42183	2.11363	-0.646162	0.327317	0.689447	
-2.92316	6.42183	2.11363	-0.83073	-0.313182	-0.460222	
-2.92316	6.42183	2.11363	-0.83073	-0.313182	-0.460222	
-2.44443	6.38263	2.59309	-0.994273	0.103883	0.0250889	
-2.44443	6.38263	2.59309	-0.994273	0.103883	0.0250889	
-2.44443	6.38263	2.59309	-0.0891946	0.482768	-0.871194	
-2.44443	6.38263	2.59309	-0.0891946	0.482768	-0.871194	
-2.20454	5.42551	2.43073	0.277633	0.947804	0.156805	
-1.51589	4.6642	2.04425	-0.883479	0.245821	0.398794	
-1.51589	4.6642	2.04425	-0.848786	0.285891	-0.444779	
-1.23026	4.17455	2.50277	0.635646	0.33968	0.693233	
-1.23026	4.17455	2.50277	0.13297	-0.290426	0.947614	
-1.92843	4.61733	3.92366	-0.276695	-0.834751	0.476057	
-3.34038	4.73245	4.75769	-0.0289935	0.0364292	0.998916	
-3.34038	4.73245	4.75769	-0.0289935	0.0364292	0.998916	
-3.34038	4.73245	4.75769	-0.381268	-0.913899	0.139367	
-3.34038	4.73245	4.75769	-0.381268	-0.913899	0.139367	
-3.07615	4.96043	4.57008	-0.112776	-0.282246	0.95269	
-3.07615	4.96043	4.57008	-0.112776	-0.282246	0.95269	
-3.07615	4.96043	4.57008	-0.70166	-0.693004	-0.165584	
-3.07615	4.96043	4.57008	-0.70166	-0.693004	-0.165584	
-2.44352	5.16031	4.713	-0.670153	-0.564801	0.481554	
-2.44352	5.16031	4.713	-0.670153	-0.564801	0.481554	
-2.44352	5.16031	4.713	-0.815488	0.446391	-0.368395	
-2.44352	5.16031	4.713	-0.815488	0.446391	-0.368395	
-1.99479	4.62396	3.99818	-0.113699	0.862618	0.492913	
-2.02565	4.51817	3.55258	-0.685621	-0.703507	0.187086	
-3.49138	5.09019	4.0289	-0.323273	-0.0782899	0.943062	
-3.49138	5.09019	4.0289	-0.323273	-0.0782899	0.943062	
-3.49138	5.09019	4.0289	-0.701139	-0.691541	-0.173713	
-3.49138	5.09019	4.0289	-0.701139	-0.691541	-0.173713	
-3.11961	5.2132	3.96852	-0.494868	-0.327612	0.804845	
-3.11961	5.2132	3.96852	-0.494868	-0.327612	0.804845	
-3.11961	5.2132	3.96852	-0.811698	-0.324326	-0.485756	
-3.11961	5.2132	3.96852	-0.811698	-0.324326	-0.485756	
-2.5351	5.12122	4.30091	-0.939961	-0.300545	0.1617	
-2.5351	5.12122	4.30091	-0.939961	-0.300545	0.1617	
-2.5351	5.12122	4.30091	-0.448853	0.779432	-0.437055	
-2.5351	5.12122	4.30091	-0.448853	0.779432	-0.437055	
-2.10508	4.54182	3.60854	0.0494773	0.76714	0.639569	
-1.97059	4.83192	2.95331	-0.789983	0.253543	-0.558249	
-2.50272	6.37256	3.16713	-0.849083	0.209484	0.484947	
-2.50272	6.37256	3.16713	-0.849083	0.209484	0.484947	
-2.50272	6.37256	3.16713	-0.524854	0.286536	-0.801514	
-2.50272	6.37256	3.16713	-0.524854	0.286536	-0.801514	
-2.25532	6.10884	3.3291	-0.954378	0.244598	0.171275	
-2.25532	6.10884	3.3291	-0.954378	0.244598	0.171275	
-2.25532	6.10884	3.3291	-0.121463	0.572237	-0.811043	
-2.25532	6.10884	3.3291	-0.121463	0.572237	-0.811043	
-2.34526	5.54039	3.68877	-0.625996	0.671479	-0.39654	
-2.34526	5.54039	3.68877	-0.625996	0.671479	-0.39654	
-2.34526	5.54039	3.68877	0.615897	0.785338	0.0625683	
-2.34526	5.54039	3.68877	0.615897	0.785338	0.0625683	
-2.02575	4.91072	2.98065	-0.00176397	0.302608	0.953113	
-1.26601	4.22948	2.5783	-0.862885	0.494204	-0.105792	
-1.26601	4.22948	2.5783	-0.173061	0.927639	-0.330961	
-0.956581	3.42796	1.89638	0.208979	0.627159	0.750333	
-0.74593	3.3455	1.49697	-0.836516	0.19506	-0.512047	
-1.20553	4.92385	1.49835	0.632772	0.501559	-0.589947	
-1.20553	4.92385	1.49835	0.862561	0.4546	0.222097	
-0.83292	6.43957	2.01428	0.603939	-0.0882221	0.792133	
-1.06804	7.56243	3.19172	0.645381	0.746239	0.163126	
-1.06804	7.56243	3.19172	0.645381	0.746239	0.163126	
-1.06804	7.56243	3.19172	0.360319	-0.344374	0.866935	
-1.06804	7.56243	3.19172	0.360319	-0.344374	0.866935	
-1.17279	7.48454	2.81762	0.732436	0.542506	0.411369	
-1.17279	7.48454	2.81762	0.732436	0.542506	0.411369	
-1.17279	7.48454	2.81762	-0.128462	-0.32215	0.937932	
-1.17279	7.48454	2.81762	-0.128462	-0.32215	0.937932	
-0.844475	7.50684	2.22407	0.26275	0.209972	0.94174	
-0.844475	7.50684	2.22407	0.26275	0.209972	0.94174	
-0.844475	7.50684	2.22407	-0.907684	0.276302	0.315858	
-0.844475	7.50684	2.22407	-0.907684	0.276302	0.315858	
-0.820574	6.51836	2.07462	-0.164855	0.924213	-0.34446	
-1.08585	6.14404	2.08964	0.12515	-0.0816502	0.988772	
-1.82564	7.31188	2.97919	0.510978	0.729981	0.453904	
-1.82564	7.31188	2.97919	0.510978	0.729981	0.453904	
-1.82564	7.31188	2.97919	-0.134461	-0.327223	0.935332	
-1.82564	7.31188	2.97919	-0.134461	-0.327223	0.935332	
-1.7337	7.22519	2.60367	0.453854	0.53179	0.714993	
-1.7337	7.22519	2.60367	0.453854	0.53179	0.714993	
-1.7337	7.22519	2.60367	-0.592232	-0.286933	0.752948	
-1.7337	7.22519	2.60367	-0.592232	-0.286933	0.752948	
-1.15297	7.21743	2.25256	-0.231653	0.232135	0.944696	
-1.15297	7.21743	2.25256	-0.231653	0.232135	0.944696	
-1.15297	7.21743	2.25256	-0.931246	0.315634	-0.182088	
-1.15297	7.21743	2.25256	-0.931246	0.315634	-0.182088	
-1.10168	6.22433	2.14712	0.0695096	0.917265	-0.392164	
-1.62443	5.8924	1.76223	-0.92495	0.0126959	0.379878	
-2.54535	7.17249	1.29778	-0.224243	0.750373	0.621816	
-2.54535	7.17249	1.29778	-0.224243	0.750373	0.621816	
-2.54535	7.17249	1.29778	-0.967588	-0.22624	0.1122	
-2.54535	7.17249	1.29778	-0.967588	-0.22624	0.1122	
-2.17038	7.04499	1.28653	-0.510893	0.581792	0.632855	
-2.17038	7.04499	1.28653	-0.510893	0.581792	0.632855	
-2.17038	7.04499	1.28653	-0.907432	-0.185837	-0.376871	
-2.17038	7.04499	1.28653	-0.907432	-0.185837	-0.376871	
-1.68312	6.97854	1.75424	-0.941893	0.334732	0.028143	
-1.68312	6.97854	1.75424	-0.941893	0.334732	0.028143	
-1.68312	6.97854	1.75424	-0.0338598	0.333404	-0.942176	
-1.68312	6.97854	1.75424	-0.0338598	0.333404	-0.942176	
-1.67509	5.97861	1.76312	0.492757	0.869828	-0.0242828	
-1.20102	5.02345	1.50601	-0.778476	0.509018	0.367255	
-1.20102	5.02345	1.50601	-0.789503	0.39455	-0.470122	
-0.950504	4.67908	1.67734	0.845514	0.520653	-0.118433	
-0.950504	4.67908	1.67734	0.695875	0.257052	0.670584	
-0.78261	5.9647	2.68798	0.193799	-0.355261	0.914457	
-1.46477	6.81431	3.91895	0.537566	0.583814	0.608427	
-1.46477	6.81431	3.91895	0.537566	0.583814	0.608427	
-1.46477	6.81431	3.91895	-0.0676634	-0.581921	0.810426	
-1.46477	6.81431	3.91895	-0.0676634	-0.581921	0.810426	
-1.39866	6.8398	3.52912	0.499669	0.318456	0.805554	
-1.39866	6.8398	3.52912	0.499669	0.318456	0.805554	
-1.39866	6.8398	3.52912	-0.537172	-0.502842	0.677197	
-1.39866	6.8398	3.52912	-0.537172	-0.502842	0.677197	
-0.843632	6.94602	3.15328	-0.166762	-0.0506718	0.984694	
-0.843632	6.94602	3.15328	-0.166762	-0.0506718	0.984694	
-0.843632	6.94602	3.15328	-0.943192	0.331389	-0.023884	
-0.843632	6.94602	3.15328	-0.943192	0.331389	-0.023884	
-0.794822	6.02501	2.76682	0.0375784	0.992192	-0.118926	
-1.05419	5.70143	2.57001	-0.322162	-0.32118	0.890536	
-2.06266	6.73561	3.35481	0.289221	0.522658	0.801985	
-2.06266	6.73561	3.35481	0.289221	0.522658	0.801985	
-2.06266	6.73561	3.35481	-0.541624	-0.50623	0.671099	
-2.06266	6.73561	3.35481	-0.541624	-0.50623	0.671099	
-1.81944	6.72328	3.04227	0.116324	0.281483	0.952489	
-1.81944	6.72328	3.04227	0.116324	0.281483	0.952489	
-1.81944	6.72328	3.04227	-0.871981	-0.357115	0.33484	
-1.81944	6.72328	3.04227	-0.871981	-0.357115	0.33484	
-1.14447	6.70762	2.97328	-0.611631	0.0445913	0.789886	
-1.14447	6.70762	2.97328	-0.611631	0.0445913	0.789886	
-1.14447	6.70762	2.97328	-0.745545	0.485461	-0.456608	
-1.14447	6.70762	2.97328	-0.745545	0.485461	-0.456608	
-1.09043	5.76807	2.63516	0.268807	0.960934	-0.0659426	
-1.40509	5.61463	1.99562	-0.99676	0.0658385	-0.0462111	
-1.98115	7.09052	1.55705	-0.444184	0.615233	0.651298	
-1.98115	7.09052	1.55705	-0.444184	0.615233	0.651298	
-1.98115	7.09052	1.55705	-0.927427	-0.0970911	-0.361182	
-1.98115	7.09052	1.55705	-0.927427	-0.0970911	-0.361182	
-1.64405	6.91379	1.66714	-0.713142	0.493764	0.49762	
-1.64405	6.91379	1.66714	-0.713142	0.493764	0.49762	
-1.64405	6.91379	1.66714	-0.658357	0.0433699	-0.751455	
-1.64405	6.91379	1.66714	-0.658357	0.0433699	-0.751455	
-1.41272	6.67049	2.25696	-0.846135	0.457878	-0.272771	
-1.41272	6.67049	2.25696	-0.846135	0.457878	-0.272771	
-1.41272	6.67049	2.25696	0.393541	0.539126	-0.744627	
-1.41272	6.67049	2.25696	0.393541	0.539126	-0.744627	
-1.44772	5.70503	1.99876	0.486899	0.76818	0.415728	
-0.945971	4.77251	1.71268	-0.840552	0.524206	0.136676	
-0.945971	4.77251	1.71268	-0.489396	0.605185	-0.627887	
-1.01911	4.18287	2.13523	0.410986	0.036886	0.910895	
-1.01911	4.18287	2.13523	-0.322014	-0.381632	0.866409	
-2.00818	4.75389	3.31765	-0.681263	-0.705894	0.193894	
-3.51163	5.32061	3.6654	-0.378585	-0.0224234	0.925295	
-3.51163	5.32061	3.6654	-0.378585	-0.0224234	0.925295	
-3.51163	5.32061	3.6654	-0.674963	-0.718668	-0.167156	
-3.51163	5.32061	3.6654	-0.674963	-0.718668	-0.167156	
-3.13946	5.44835	3.61894	-0.536296	-0.284632	0.794589	
-3.13946	5.44835	3.61894	-0.536296	-0.284632	0.794589	
-3.13946	5.44835	3.61894	-0.773736	-0.376154	-0.509747	
-3.13946	5.44835	3.61894	-0.773736	-0.376154	-0.509747	
-2.57458	5.39335	3.99107	-0.941749	-0.31192	0.125754	
-2.57458	5.39335	3.99107	-0.941749	-0.31192	0.125754	
-2.57458	5.39335	3.99107	-0.437145	0.736942	-0.515578	
-2.57458	5.39335	3.99107	-0.437145	0.736942	-0.515578	
-2.09135	4.7793	3.36702	-0.00533375	0.809504	0.58709	
-1.98925	4.72216	2.92316	-0.891831	-0.41536	-0.179201	
-3.26391	5.75669	3.00937	-0.652143	-0.0177381	0.757889	
-3.26391	5.75669	3.00937	-0.652143	-0.0177381	0.757889	
-3.26391	5.75669	3.00937	-0.769846	-0.374441	-0.516848	
-3.26391	5.75669	3.00937	-0.769846	-0.374441	-0.516848	
-2.87747	5.73918	3.09507	-0.831053	-0.177327	0.527167	
-2.87747	5.73918	3.09507	-0.831053	-0.177327	0.527167	
-2.87747	5.73918	3.09507	-0.635921	0.0277811	-0.771254	
-2.87747	5.73918	3.09507	-0.635921	0.0277811	-0.771254	
-2.51664	5.41808	3.57182	-0.977037	0.0533815	-0.206276	
-2.51664	5.41808	3.57182	-0.977037	0.0533815	-0.206276	
-2.51664	5.41808	3.57182	0.0145834	0.916882	-0.398892	
-2.51664	5.41808	3.57182	0.0145834	0.916882	-0.398892	
-2.07167	4.76937	2.95441	0.053543	0.651447	0.756803	
-1.62251	5.03347	2.44443	-0.406787	0.561268	-0.720766	
-1.67655	6.64401	2.76951	-0.853467	0.472141	0.22063	
-1.67655	6.64401	2.76951	-0.853467	0.472141	0.22063	
-1.67655	6.64401	2.76951	-0.0754752	0.511356	-0.856048	
-1.67655	6.64401	2.76951	-0.0754752	0.511356	-0.856048	
-1.60305	6.29796	2.94793	-0.81989	0.564184	-0.0973491	
-1.60305	6.29796	2.94793	-0.81989	0.564184	-0.0973491	
-1.60305	6.29796	2.94793	0.371775	0.62996	-0.68186	
-1.60305	6.29796	2.94793	0.371775	0.62996	-0.68186	
-1.99376	5.77892	3.14421	-0.189523	0.878625	-0.43829	
-1.99376	5.77892	3.14421	-0.189523	0.878625	-0.43829	
-1.99376	5.77892	3.14421	0.765659	0.5001	0.404556	
-1.99376	5.77892	3.14421	0.765659	0.5001	0.404556	
-1.65571	5.12495	2.46741	-0.253435	0.217851	0.942503	
-1.06052	4.24187	2.20454	-0.559321	0.781076	-0.277633	
-1.06052	4.24187	2.20454	0.26426	0.946681	-0.184285	
-0.795481	3.43027	1.51589	0.108168	0.455812	0.883479	
-0.125026	3.40825	1.23026	0.25	0.73038	-0.635646	
0.56661	4.72607	1.92843	0.926881	-0.253635	0.276695	
0.56661	4.72607	1.92843	0.330801	-0.385969	0.861162	
1.07495	5.39721	3.34038	-0.486738	-0.455051	0.745664	
0.66503	6.37475	4.59689	0.464634	-0.0435571	0.884431	
0.66503	6.37475	4.59689	0.464634	-0.0435571	0.884431	
0.66503	6.37475	4.59689	-0.75647	-0.410107	0.509476	
0.66503	6.37475	4.59689	-0.75647	-0.410107	0.509476	
0.887357	6.37467	4.26892	0.187469	-0.211797	0.959165	
0.887357	6.37467	4.26892	0.187469	-0.211797	0.959165	
0.887357	6.37467	4.26892	-0.951635	-0.0033625	0.307213	
0.887357	6.37467	4.26892	-0.951635	-0.0033625	0.307213	
1.46978	6.07169	4.09694	-0.552627	0.00935937	0.833376	
1.46978	6.07169	4.09694	-0.552627	0.00935937	0.833376	
1.46978	6.07169	4.09694	-0.383675	0.91506	-0.124333	
1.46978	6.07169	4.09694	-0.383675	0.91506	-0.124333	
1.07271	5.44086	3.43032	0.71018	0.656139	0.255198	
0.781094	5.42576	3.07615	-0.78645	-0.0536378	0.615321	
0.466918	6.80201	3.91857	0.184642	0.0807408	0.979484	
0.466918	6.80201	3.91857	0.184642	0.0807408	0.979484	
0.466918	6.80201	3.91857	-0.954111	-0.00193425	0.299447	
0.466918	6.80201	3.91857	-0.954111	-0.00193425	0.299447	
0.746398	6.64093	3.6885	-0.144225	0.0310927	0.989056	
0.746398	6.64093	3.6885	-0.144225	0.0310927	0.989056	
0.746398	6.64093	3.6885	-0.929795	0.366947	-0.0288466	
0.746398	6.64093	3.6885	-0.929795	0.366947	-0.0288466	
1.19908	6.1434	3.77864	-0.695755	0.413997	0.586968	
1.19908	6.1434	3.77864	-0.695755	0.413997	0.586968	
1.19908	6.1434	3.77864	0.0236091	0.909785	-0.414408	
1.19908	6.1434	3.77864	0.0236091	0.909785	-0.414408	
0.773205	5.49233	3.15035	0.816523	0.462043	0.34613	
0.740815	5.66816	2.44352	-0.578999	0.775471	-0.251804	
1.50081	7.12584	2.43845	-0.164147	0.690535	0.704426	
1.50081	7.12584	2.43845	-0.164147	0.690535	0.704426	
1.50081	7.12584	2.43845	-0.506811	0.639097	-0.578531	
1.50081	7.12584	2.43845	-0.506811	0.639097	-0.578531	
1.55797	6.75116	2.55394	-0.35043	0.816344	0.459109	
1.55797	6.75116	2.55394	-0.35043	0.816344	0.459109	
1.55797	6.75116	2.55394	-0.0801539	0.569118	-0.81834	
1.55797	6.75116	2.55394	-0.0801539	0.569118	-0.81834	
1.30329	6.37047	3.05474	-0.135821	0.949883	-0.281557	
1.30329	6.37047	3.05474	-0.135821	0.949883	-0.281557	
1.30329	6.37047	3.05474	0.910869	0.138118	-0.388897	
1.30329	6.37047	3.05474	0.910869	0.138118	-0.388897	
0.770063	5.76043	2.46863	0.631094	0.133905	0.764061	
0.614611	4.78345	1.99479	-0.261421	0.958505	0.113699	
0.614611	4.78345	1.99479	0.336824	0.817827	-0.466592	
0.374327	4.39356	2.02565	0.629745	-0.365165	0.685621	
0.374327	4.39356	2.02565	-0.17971	-0.330643	0.926488	
0.306664	5.13485	3.49138	-0.85117	-0.280461	0.443679	
-0.427962	6.30582	4.38109	-0.00662733	-0.0138558	0.999882	
-0.427962	6.30582	4.38109	-0.00662733	-0.0138558	0.999882	
-0.427962	6.30582	4.38109	-0.969398	-0.220704	0.107508	
-0.427962	6.30582	4.38109	-0.969398	-0.220704	0.107508	
-0.0858247	6.23162	4.19555	-0.314497	-0.125442	0.940934	
-0.0858247	6.23162	4.19555	-0.314497	-0.125442	0.940934	
-0.0858247	6.23162	4.19555	-0.967064	0.185617	-0.174164	
-0.0858247	6.23162	4.19555	-0.967064	0.185617	-0.174164	
0.43874	5.82095	4.32506	-0.856892	0.195533	0.476973	
0.43874	5.82095	4.32506	-0.856892	0.195533	0.476973	
0.43874	5.82095	4.32506	-0.0968479	0.943907	-0.31569	
0.43874	5.82095	4.32506	-0.0968479	0.943907	-0.31569	
0.272445	5.18851	3.56851	0.630222	0.558759	0.539081	
0.176986	5.17914	3.11961	-0.973393	0.145856	0.176724	
-0.207902	6.677	3.67702	-0.268627	0.164088	0.949165	
-0.207902	6.677	3.67702	-0.268627	0.164088	0.949165	
-0.207902	6.677	3.67702	-0.965407	0.186506	-0.182224	
-0.207902	6.677	3.67702	-0.965407	0.186506	-0.182224	
0.107753	6.44729	3.60931	-0.568487	0.169411	0.805061	
0.107753	6.44729	3.60931	-0.568487	0.169411	0.805061	
0.107753	6.44729	3.60931	-0.722571	0.505691	-0.471348	
0.107753	6.44729	3.60931	-0.722571	0.505691	-0.471348	
0.362236	5.89748	3.91514	-0.789705	0.586258	0.18074	
0.362236	5.89748	3.91514	-0.789705	0.586258	0.18074	
0.362236	5.89748	3.91514	0.387762	0.839324	-0.381019	
0.362236	5.89748	3.91514	0.387762	0.839324	-0.381019	
0.149518	5.25432	3.17955	0.643125	0.362089	0.674746	
0.477058	5.34913	2.5351	-0.236117	0.82358	-0.515717	
1.42649	6.65495	2.84466	-0.326756	0.785577	0.525452	
1.42649	6.65495	2.84466	-0.326756	0.785577	0.525452	
1.42649	6.65495	2.84466	-0.0518062	0.640086	-0.766554	
1.42649	6.65495	2.84466	-0.0518062	0.640086	-0.766554	
1.34998	6.29209	2.98417	-0.352421	0.910104	0.217971	
1.34998	6.29209	2.98417	-0.352421	0.910104	0.217971	
1.34998	6.29209	2.98417	0.414071	0.474862	-0.776564	
1.34998	6.29209	2.98417	0.414071	0.474862	-0.776564	
0.826298	6.01855	3.31812	0.196778	0.919796	-0.33949	
0.826298	6.01855	3.31812	0.196778	0.919796	-0.33949	
0.826298	6.01855	3.31812	0.995263	-0.0565598	0.0790743	
0.826298	6.01855	3.31812	0.995263	-0.0565598	0.0790743	
0.509218	5.43779	2.56833	0.2276	0.11922	0.966429	
0.397182	4.44985	2.10508	-0.0902062	0.994693	-0.0494773	
0.397182	4.44985	2.10508	0.665518	0.692752	-0.277814	
-0.271272	4.19167	1.97059	-0.574024	-0.215459	0.789984	
-0.271272	4.19167	1.97059	-0.98623	0.10688	0.126201	
-1.20947	5.43225	2.50272	-0.73669	0.130513	-0.663516	
-1.6486	6.99705	2.2557	-0.860326	0.374426	0.345896	
-1.6486	6.99705	2.2557	-0.860326	0.374426	0.345896	
-1.6486	6.99705	2.2557	-0.455996	0.0832323	-0.886081	
-1.6486	6.99705	2.2557	-0.455996	0.0832323	-0.886081	
-1.42952	6.77553	2.50049	-0.944251	0.328094	0.0272737	
-1.42952	6.77553	2.50049	-0.944251	0.328094	0.0272737	
-1.42952	6.77553	2.50049	-0.0344626	0.335609	-0.941371	
-1.42952	6.77553	2.50049	-0.0344626	0.335609	-0.941371	
-1.57861	6.33123	2.99137	-0.554859	0.568162	-0.60772	
-1.57861	6.33123	2.99137	-0.554859	0.568162	-0.60772	
-1.57861	6.33123	2.99137	0.662488	0.741847	-0.103791	
-1.57861	6.33123	2.99137	0.662488	0.741847	-0.103791	
-1.26074	5.5181	2.50374	-0.037897	0.549854	0.8344	
-0.908464	5.36031	2.25532	-0.353004	0.436945	-0.827325	
-0.822862	7.00198	2.24985	-0.809855	0.577546	0.102842	
-0.822862	7.00198	2.24985	-0.809855	0.577546	0.102842	
-0.822862	7.00198	2.24985	-0.0267421	0.332888	-0.942587	
-0.822862	7.00198	2.24985	-0.0267421	0.332888	-0.942587	
-0.780679	6.69402	2.49555	-0.766974	0.600442	-0.226319	
-0.780679	6.69402	2.49555	-0.766974	0.600442	-0.226319	
-0.780679	6.69402	2.49555	0.428406	0.445799	-0.785959	
-0.780679	6.69402	2.49555	0.428406	0.445799	-0.785959	
-1.21614	6.26021	2.78326	-0.110046	0.785124	-0.609483	
-1.21614	6.26021	2.78326	-0.110046	0.785124	-0.609483	
-1.21614	6.26021	2.78326	0.804698	0.504601	0.312793	
-1.21614	6.26021	2.78326	0.804698	0.504601	0.312793	
-0.933644	5.45703	2.25877	-0.237505	0.423991	0.87397	
-0.252184	5.21267	2.34526	0.741225	0.591981	-0.316455	
0.325605	6.26025	3.47273	-0.188105	0.981468	-0.0365672	
0.325605	6.26025	3.47273	-0.188105	0.981468	-0.0365672	
0.325605	6.26025	3.47273	0.924012	0.286861	-0.25281	
0.325605	6.26025	3.47273	0.924012	0.286861	-0.25281	
0.0242298	6.01	3.4133	0.122363	0.980113	-0.156223	
0.0242298	6.01	3.4133	0.122363	0.980113	-0.156223	
0.0242298	6.01	3.4133	0.986941	0.0215794	0.15963	
0.0242298	6.01	3.4133	0.986941	0.0215794	0.15963	
-0.525932	6.02395	3.01616	0.752665	0.639098	0.158268	
-0.525932	6.02395	3.01616	0.752665	0.639098	0.158268	
-0.525932	6.02395	3.01616	0.180685	-0.26436	0.947347	
-0.525932	6.02395	3.01616	0.180685	-0.26436	0.947347	
-0.232226	5.29644	2.3961	-0.708292	0.422376	0.565616	
-0.307661	4.26672	2.02575	0.459976	0.887929	0.00176395	
-0.307661	4.26672	2.02575	0.727768	0.345733	0.592303	
-0.110454	3.5005	1.26601	-0.424261	0.274649	0.862885	
-0.0258819	2.45156	0.956581	0.0870969	0.974034	-0.208979	
-0.0258819	2.45156	0.956581	0.770714	0.62132	0.141286	
-0.25	2.11081	0.74593	-0.5	-0.224144	0.836516	
-0.25	2.11081	0.74593	-0.984808	-0.0449435	0.167731	
-1.36509	3.22786	1.20553	-0.771811	-0.0625	-0.632772	
-2.07204	4.66445	0.83292	0.622505	0.49774	-0.603939	
-2.07204	4.66445	0.83292	0.733824	0.642257	0.221378	
-2.03345	6.291	1.06804	0.485931	0.172006	0.856905	
-2.62136	7.54237	1.95736	0.482996	0.871969	0.0799012	
-2.62136	7.54237	1.95736	0.482996	0.871969	0.0799012	
-2.62136	7.54237	1.95736	0.279191	-0.107926	0.954151	
-2.62136	7.54237	1.95736	0.279191	-0.107926	0.954151	
-2.65526	7.37994	1.59756	0.564436	0.736545	0.372711	
-2.65526	7.37994	1.59756	0.564436	0.736545	0.372711	
-2.65526	7.37994	1.59756	-0.211678	-0.166312	0.963085	
-2.65526	7.37994	1.59756	-0.211678	-0.166312	0.963085	
-2.25066	7.35675	1.05318	0.0821403	0.422122	0.90281	
-2.25066	7.35675	1.05318	0.0821403	0.422122	0.90281	
-2.25066	7.35675	1.05318	-0.977359	0.151583	0.147619	
-2.25066	7.35675	1.05318	-0.977359	0.151583	0.147619	
-2.04327	6.38026	1.11205	-0.261049	0.798762	-0.542063	
-2.2429	5.9714	1.17279	-0.0112713	0.123042	0.992337	
-3.28766	7.11867	1.71564	0.311437	0.883193	0.350682	
-3.28766	7.11867	1.71564	0.311437	0.883193	0.350682	
-3.28766	7.11867	1.71564	-0.216313	-0.172813	0.960908	
-3.28766	7.11867	1.71564	-0.216313	-0.172813	0.960908	
-3.12808	6.98477	1.3786	0.249451	0.728109	0.638461	
-3.12808	6.98477	1.3786	0.249451	0.728109	0.638461	
-3.12808	6.98477	1.3786	-0.642304	-0.253532	0.723302	
-3.12808	6.98477	1.3786	-0.642304	-0.253532	0.723302	
-2.50835	7.02408	1.1048	-0.404107	0.350354	0.844956	
-2.50835	7.02408	1.1048	-0.404107	0.350354	0.844956	
-2.50835	7.02408	1.1048	-0.932902	0.0953726	-0.347271	
-2.50835	7.02408	1.1048	-0.932902	0.0953726	-0.347271	
-2.28002	6.05625	1.21052	-0.0242632	0.827875	-0.560387	
-2.67838	5.56747	0.844476	-0.96052	-0.094591	0.261636	
-3.71729	6.54483	0.0272413	-0.433857	0.793798	0.426208	
-3.71729	6.54483	0.0272413	-0.433857	0.793798	0.426208	
-3.71729	6.54483	0.0272413	-0.923255	-0.381519	0.045202	
-3.71729	6.54483	0.0272413	-0.923255	-0.381519	0.045202	
-3.32903	6.4908	0.0849149	-0.687447	0.578748	0.438711	
-3.32903	6.4908	0.0849149	-0.687447	0.578748	0.438711	
-3.32903	6.4908	0.0849149	-0.798643	-0.419231	-0.431758	
-3.32903	6.4908	0.0849149	-0.798643	-0.419231	-0.431758	
-2.91233	6.60326	0.608655	-0.977605	0.149663	-0.147949	
-2.91233	6.60326	0.608655	-0.977605	0.149663	-0.147949	
-2.91233	6.60326	0.608655	0.0521562	0.145648	-0.987961	
-2.91233	6.60326	0.608655	0.0521562	0.145648	-0.987961	
-2.74204	5.64124	0.822009	0.341708	0.928572	-0.144875	
-2.0851	4.76283	0.820574	-0.897088	0.409947	0.164855	
-2.0851	4.76283	0.820574	-0.764855	0.146513	-0.62732	
-1.80979	4.50877	1.08585	0.756903	0.641432	-0.12515	
-1.80979	4.50877	1.08585	0.537075	0.500793	0.678791	
-2.00656	5.96356	1.82564	0.111521	-0.141429	0.983647	
-2.99365	6.8761	2.77188	0.338382	0.774988	0.533751	
-2.99365	6.8761	2.77188	0.338382	0.774988	0.533751	
-2.99365	6.8761	2.77188	-0.0909178	-0.428494	0.898959	
-2.99365	6.8761	2.77188	-0.0909178	-0.428494	0.898959	
-2.87551	6.84301	2.39514	0.315638	0.547194	0.775211	
-2.87551	6.84301	2.39514	0.315638	0.547194	0.775211	
-2.87551	6.84301	2.39514	-0.542003	-0.465143	0.69991	
-2.87551	6.84301	2.39514	-0.542003	-0.465143	0.69991	
-2.29584	6.983	2.07114	-0.300434	0.096889	0.948869	
-2.29584	6.983	2.07114	-0.300434	0.096889	0.948869	
-2.29584	6.983	2.07114	-0.970605	0.136817	-0.198005	
-2.29584	6.983	2.07114	-0.970605	0.136817	-0.198005	
-2.04005	6.03366	1.88861	-0.108216	0.94337	-0.313597	
-2.2108	5.63673	1.7337	-0.393715	-0.210621	0.894778	
-3.48016	6.5852	2.17139	0.0774768	0.703767	0.706193	
-3.48016	6.5852	2.17139	0.0774768	0.703767	0.706193	
-3.48016	6.5852	2.17139	-0.544886	-0.470356	0.694165	
-3.48016	6.5852	2.17139	-0.544886	-0.470356	0.694165	
-3.19457	6.56309	1.89764	-0.0739725	0.465332	0.88204	
-3.19457	6.56309	1.89764	-0.0739725	0.465332	0.88204	
-3.19457	6.56309	1.89764	-0.841608	-0.449612	0.299239	
-3.19457	6.56309	1.89764	-0.841608	-0.449612	0.299239	
-2.52349	6.66346	1.91049	-0.721004	0.0694364	0.689443	
-2.52349	6.66346	1.91049	-0.721004	0.0694364	0.689443	
-2.52349	6.66346	1.91049	-0.738879	0.245025	-0.62771	
-2.52349	6.66346	1.91049	-0.738879	0.245025	-0.62771	
-2.26673	5.70592	1.77936	0.114553	0.966564	-0.229416	
-2.45359	5.38297	1.15297	-0.976042	-0.133669	-0.171682	
-3.19207	6.61933	0.3602	-0.6306	0.62699	0.457413	
-3.19207	6.61933	0.3602	-0.6306	0.62699	0.457413	
-3.19207	6.61933	0.3602	-0.835006	-0.334536	-0.436864	
-3.19207	6.61933	0.3602	-0.835006	-0.334536	-0.436864	
-2.8507	6.53247	0.541603	-0.850213	0.431091	0.302157	
-2.8507	6.53247	0.541603	-0.850213	0.431091	0.302157	
-2.8507	6.53247	0.541603	-0.537692	-0.218282	-0.814396	
-2.8507	6.53247	0.541603	-0.537692	-0.218282	-0.814396	
-2.67274	6.44773	1.19102	-0.859739	0.232459	-0.454765	
-2.67274	6.44773	1.19102	-0.859739	0.232459	-0.454765	
-2.67274	6.44773	1.19102	0.405985	0.460798	-0.789203	
-2.67274	6.44773	1.19102	0.405985	0.460798	-0.789203	
-2.51044	5.46272	1.13276	0.287361	0.908621	0.303036	
-1.82592	4.60618	1.10168	-0.925906	0.371303	-0.0695096	
-1.82592	4.60618	1.10168	-0.483261	0.378269	-0.789539	
-1.86337	4.09932	1.62443	0.259637	0.277592	0.924949	
-1.86337	4.09932	1.62443	-0.38009	-0.273288	0.883654	
-3.09694	4.67606	2.54535	-0.577568	-0.775508	0.254957	
-4.70762	5.0008	2.59706	-0.502834	0.0733116	0.861268	
-4.70762	5.0008	2.59706	-0.502834	0.0733116	0.861268	
-4.70762	5.0008	2.59706	-0.515764	-0.85169	-0.0928018	
-4.70762	5.0008	2.59706	-0.515764	-0.85169	-0.0928018	
-4.35868	5.18626	2.56816	-0.594307	-0.233209	0.769684	
-4.35868	5.18626	2.56816	-0.594307	-0.233209	0.769684	
-4.35868	5.18626	2.56816	-0.617366	-0.601529	-0.506973	
-4.35868	5.18626	2.56816	-0.617366	-0.601529	-0.506973	
-3.85398	5.30726	3.00545	-0.886033	-0.456879	0.0787831	
-3.85398	5.30726	3.00545	-0.886033	-0.456879	0.0787831	
-3.85398	5.30726	3.00545	-0.470545	0.535577	-0.701245	
-3.85398	5.30726	3.00545	-0.470545	0.535577	-0.701245	
-3.18953	4.69372	2.57873	-0.224894	0.886099	0.405278	
-3.01474	4.57795	2.17038	-0.775161	-0.602202	-0.190992	
-4.44012	5.35046	1.89844	-0.745558	-0.00416613	0.666428	
-4.44012	5.35046	1.89844	-0.745558	-0.00416613	0.666428	
-4.44012	5.35046	1.89844	-0.612799	-0.600418	-0.513785	
-4.44012	5.35046	1.89844	-0.612799	-0.600418	-0.513785	
-4.07308	5.42224	2.02927	-0.859675	-0.233674	0.454264	
-4.07308	5.42224	2.02927	-0.859675	-0.233674	0.454264	
-4.07308	5.42224	2.02927	-0.51032	-0.232643	-0.82792	
-4.07308	5.42224	2.02927	-0.51032	-0.232643	-0.82792	
-3.73932	5.26658	2.59932	-0.931018	-0.170792	-0.322545	
-3.73932	5.26658	2.59932	-0.931018	-0.170792	-0.322545	
-3.73932	5.26658	2.59932	-0.0767703	0.815884	-0.573096	
-3.73932	5.26658	2.59932	-0.0767703	0.815884	-0.573096	
-3.1075	4.61353	2.18178	-0.166764	0.775274	0.609213	
-2.63703	4.86168	1.68312	-0.381721	0.334802	-0.861508	
-3.00176	6.46452	1.66482	-0.94243	0.333726	0.0212694	
-3.00176	6.46452	1.66482	-0.94243	0.333726	0.0212694	
-3.00176	6.46452	1.66482	-0.0303552	0.32504	-0.945213	
-3.00176	6.46452	1.66482	-0.0303552	0.32504	-0.945213	
-2.89987	6.17658	1.9172	-0.877582	0.371645	-0.302871	
-2.89987	6.17658	1.9172	-0.877582	0.371645	-0.302871	
-2.89987	6.17658	1.9172	0.360567	0.555655	-0.749159	
-2.89987	6.17658	1.9172	0.360567	0.555655	-0.749159	
-3.22503	5.63691	2.16943	-0.263719	0.733181	-0.626815	
-3.22503	5.63691	2.16943	-0.263719	0.733181	-0.626815	
-3.22503	5.63691	2.16943	0.604795	0.700682	0.378507	
-3.22503	5.63691	2.16943	0.604795	0.700682	0.378507	
-2.68781	4.94783	1.68304	-0.422686	0.332044	0.843258	
-1.9237	4.16091	1.6751	-0.632232	0.597891	-0.492757	
-1.9237	4.16091	1.6751	0.130012	0.930625	-0.342102	
-1.43011	3.3037	1.20102	-0.100242	0.619618	0.778476	
-1.06544	3.18134	0.950504	-0.451902	0.284412	-0.845514	
-1.25988	4.80505	0.78261	0.897826	0.395411	-0.193799	
-1.25988	4.80505	0.78261	0.698565	0.346335	0.626147	
-0.990222	6.27623	1.46477	0.129039	-0.139054	0.981842	
-1.61719	7.45887	2.41908	0.576703	0.661487	0.479425	
-1.61719	7.45887	2.41908	0.576703	0.661487	0.479425	
-1.61719	7.45887	2.41908	-0.151218	-0.358875	0.921055	
-1.61719	7.45887	2.41908	-0.151218	-0.358875	0.921055	
-1.53731	7.38271	2.03855	0.505837	0.456631	0.731858	
-1.53731	7.38271	2.03855	0.505837	0.456631	0.731858	
-1.53731	7.38271	2.03855	-0.605927	-0.27122	0.747858	
-1.53731	7.38271	2.03855	-0.605927	-0.27122	0.747858	
-0.963433	7.34244	1.6785	-0.200105	0.205628	0.957954	
-0.963433	7.34244	1.6785	-0.200105	0.205628	0.957954	
-0.963433	7.34244	1.6785	-0.902869	0.401865	-0.152748	
-0.963433	7.34244	1.6785	-0.902869	0.401865	-0.152748	
-0.998472	6.35473	1.52617	0.143195	0.925715	-0.350066	
-1.2839	6.01861	1.39866	-0.379724	-0.0639954	0.922884	
-2.20307	7.30149	1.85884	0.317768	0.672507	0.6684	
-2.20307	7.30149	1.85884	0.317768	0.672507	0.6684	
-2.20307	7.30149	1.85884	-0.610523	-0.275558	0.742515	
-2.20307	7.30149	1.85884	-0.610523	-0.275558	0.742515	
-1.95331	7.19111	1.57175	0.116553	0.492232	0.862626	
-1.95331	7.19111	1.57175	0.116553	0.492232	0.862626	
-1.95331	7.19111	1.57175	-0.913666	-0.182498	0.363193	
-1.95331	7.19111	1.57175	-0.913666	-0.182498	0.363193	
-1.28181	7.09651	1.54474	-0.62683	0.291671	0.722504	
-1.28181	7.09651	1.54474	-0.62683	0.291671	0.722504	
-1.28181	7.09651	1.54474	-0.677695	0.427215	-0.598512	
-1.28181	7.09651	1.54474	-0.677695	0.427215	-0.598512	
-1.31499	6.10215	1.44399	0.368301	0.886903	-0.27885	
-1.62477	5.82796	0.843632	-0.982854	0.145003	-0.113898	
-2.03234	7.20018	0.0353421	-0.397408	0.793485	0.460921	
-2.03234	7.20018	0.0353421	-0.397408	0.793485	0.460921	
-2.03234	7.20018	0.0353421	-0.921422	-0.0952363	-0.376712	
-2.03234	7.20018	0.0353421	-0.921422	-0.0952363	-0.376712	
-1.71867	7.02492	0.20232	-0.672803	0.663882	0.326492	
-1.71867	7.02492	0.20232	-0.672803	0.663882	0.326492	
-1.71867	7.02492	0.20232	-0.627894	-0.0793617	-0.774242	
-1.71867	7.02492	0.20232	-0.627894	-0.0793617	-0.774242	
-1.53118	6.91168	0.844671	-0.785978	0.454561	-0.419063	
-1.53118	6.91168	0.844671	-0.785978	0.454561	-0.419063	
-1.53118	6.91168	0.844671	0.468858	0.303237	-0.82959	
-1.53118	6.91168	0.844671	0.468858	0.303237	-0.82959	
-1.65792	5.91998	0.822828	0.551032	0.797441	0.24587	
-1.24678	4.90343	0.794822	-0.785679	0.617492	-0.0375784	
-1.24678	4.90343	0.794822	-0.405619	0.477433	-0.779443	
-1.15714	4.53547	1.05419	0.856813	0.402596	0.322162	
-1.15714	4.53547	1.05419	0.312043	0.187153	0.931452	
-1.33348	5.82168	2.06266	-0.319788	-0.346523	0.881849	
-2.40881	6.79316	2.83874	0.247249	0.529387	0.811552	
-2.40881	6.79316	2.83874	0.247249	0.529387	0.811552	
-2.40881	6.79316	2.83874	-0.52531	-0.540798	0.656953	
-2.40881	6.79316	2.83874	-0.52531	-0.540798	0.656953	
-2.15998	6.79682	2.53043	0.0848844	0.277917	0.956847	
-2.15998	6.79682	2.53043	0.0848844	0.277917	0.956847	
-2.15998	6.79682	2.53043	-0.857338	-0.406133	0.316272	
-2.15998	6.79682	2.53043	-0.857338	-0.406133	0.316272	
-1.48405	6.81767	2.47319	-0.626548	0.0043445	0.779371	
-1.48405	6.81767	2.47319	-0.626548	0.0043445	0.779371	
-1.48405	6.81767	2.47319	-0.762408	0.449673	-0.465326	
-1.48405	6.81767	2.47319	-0.762408	0.449673	-0.465326	
-1.37432	5.88566	2.12775	0.21838	0.974441	-0.0526788	
-1.54576	5.59196	1.81944	-0.75066	-0.24678	0.61287	
-2.66432	6.77365	2.05373	-0.0692198	0.507401	0.858926	
-2.66432	6.77365	2.05373	-0.0692198	0.507401	0.858926	
-2.66432	6.77365	2.05373	-0.858687	-0.409118	0.308672	
-2.66432	6.77365	2.05373	-0.858687	-0.409118	0.308672	
-2.30434	6.71949	1.89731	-0.322851	0.295805	0.899036	
-2.30434	6.71949	1.89731	-0.322851	0.295805	0.899036	
-2.30434	6.71949	1.89731	-0.963087	-0.229852	-0.14011	
-2.30434	6.71949	1.89731	-0.963087	-0.229852	-0.14011	
-1.6885	6.61431	2.1624	-0.905403	0.149798	0.397248	
-1.6885	6.61431	2.1624	-0.905403	0.149798	0.397248	
-1.6885	6.61431	2.1624	-0.362313	0.562291	-0.743343	
-1.6885	6.61431	2.1624	-0.362313	0.562291	-0.743343	
-1.59999	5.66488	1.86119	0.388995	0.915315	0.104309	
-1.58348	5.53211	1.14447	-0.832381	0.19269	-0.519627	
-1.67955	7.05461	0.531942	-0.619611	0.689008	0.375967	
-1.67955	7.05461	0.531942	-0.619611	0.689008	0.375967	
-1.67955	7.05461	0.531942	-0.641302	0.0117008	-0.767199	
-1.67955	7.05461	0.531942	-0.641302	0.0117008	-0.767199	
-1.46366	6.83953	0.785163	-0.794034	0.598287	0.107534	
-1.46366	6.83953	0.785163	-0.794034	0.598287	0.107534	
-1.46366	6.83953	0.785163	-0.201616	0.103009	-0.974033	
-1.46366	6.83953	0.785163	-0.201616	0.103009	-0.974033	
-1.57966	6.58824	1.40483	-0.541782	0.55413	-0.63199	
-1.57966	6.58824	1.40483	-0.541782	0.55413	-0.63199	
-1.57966	6.58824	1.40483	0.770211	0.458419	-0.443425	
-1.57966	6.58824	1.40483	0.770211	0.458419	-0.443425	
-1.61021	5.62732	1.12967	0.320295	0.7122	0.624645	
-1.15819	4.62866	1.09043	-0.726112	0.632855	-0.268806	
-1.15819	4.62866	1.09043	-0.0422668	0.642056	-0.765492	
-1.50192	4.06793	1.40509	-0.0792309	0.0138787	0.99676	
-1.50192	4.06793	1.40509	-0.746702	-0.307516	0.589805	
-2.85565	4.80142	1.98115	-0.774984	-0.604903	-0.18301	
-4.25228	5.56926	1.57831	-0.777649	0.0577619	0.626039	
-4.25228	5.56926	1.57831	-0.777649	0.0577619	0.626039	
-4.25228	5.56926	1.57831	-0.596808	-0.63047	-0.496314	
-4.25228	5.56926	1.57831	-0.596808	-0.63047	-0.496314	
-3.891	5.64614	1.72168	-0.885037	-0.186062	0.42672	
-3.891	5.64614	1.72168	-0.885037	-0.186062	0.42672	
-3.891	5.64614	1.72168	-0.472564	-0.289722	-0.832313	
-3.891	5.64614	1.72168	-0.472564	-0.289722	-0.832313	
-3.58864	5.531	2.31826	-0.916679	-0.183037	-0.355242	
-3.58864	5.531	2.31826	-0.916679	-0.183037	-0.355242	
-3.58864	5.531	2.31826	-0.0342059	0.76963	-0.637573	
-3.58864	5.531	2.31826	-0.0342059	0.76963	-0.637573	
-2.94823	4.83902	1.98504	-0.183405	0.822593	0.538241	
-2.65283	4.75431	1.64405	-0.739552	-0.302223	-0.601435	
-3.66448	5.9474	1.13853	-0.9331	0.0921991	0.347598	
-3.66448	5.9474	1.13853	-0.9331	0.0921991	0.347598	
-3.66448	5.9474	1.13853	-0.465544	-0.288766	-0.83659	
-3.66448	5.9474	1.13853	-0.465544	-0.288766	-0.83659	
-3.37347	5.88291	1.39956	-0.997263	-0.0505327	0.0539641	
-3.37347	5.88291	1.39956	-0.997263	-0.0505327	0.0539641	
-3.37347	5.88291	1.39956	-0.174641	0.0839939	-0.981043	
-3.37347	5.88291	1.39956	-0.174641	0.0839939	-0.981043	
-3.33279	5.53396	1.98023	-0.739607	0.172431	-0.650576	
-3.33279	5.53396	1.98023	-0.739607	0.172431	-0.650576	
-3.33279	5.53396	1.98023	0.323933	0.893406	-0.311278	
-3.33279	5.53396	1.98023	0.323933	0.893406	-0.311278	
-2.7332	4.81281	1.63317	-0.234835	0.66402	0.709881	
-2.06373	4.99933	1.41272	0.0684488	0.584732	-0.808334	
-2.05912	6.6133	1.725	-0.784581	0.58574	-0.203328	
-2.05912	6.6133	1.725	-0.784581	0.58574	-0.203328	
-2.05912	6.6133	1.725	0.41425	0.487862	-0.768367	
-2.05912	6.6133	1.725	0.41425	0.487862	-0.768367	
-2.12641	6.26682	1.90503	-0.590018	0.661962	-0.46226	
-2.12641	6.26682	1.90503	-0.590018	0.661962	-0.46226	
-2.12641	6.26682	1.90503	0.732803	0.553357	-0.395975	
-2.12641	6.26682	1.90503	0.732803	0.553357	-0.395975	
-2.62675	5.80957	1.87069	0.161249	0.880586	-0.445608	
-2.62675	5.80957	1.87069	0.161249	0.880586	-0.445608	
-2.62675	5.80957	1.87069	0.532412	0.410078	0.740522	
-2.62675	5.80957	1.87069	0.532412	0.410078	0.740522	
-2.09175	5.09506	1.41985	-0.646483	0.280261	0.709587	
-1.56362	4.13408	1.44772	-0.249221	0.837149	-0.486899	
-1.56362	4.13408	1.44772	0.440369	0.897815	-0.00191376	
-1.10653	3.2724	0.945971	-0.274025	0.467314	0.840552	
-0.390797	3.15425	1.01911	0.618018	0.670183	-0.410986	
0.0415254	4.39412	2.00818	0.636246	-0.362038	0.681263	
0.0415254	4.39412	2.00818	-0.179375	-0.39647	0.900353	
-0.1133	5.04074	3.51163	-0.840543	-0.363004	0.402138	
-0.948648	6.10464	4.44583	-0.030399	-0.0736715	0.996819	
-0.948648	6.10464	4.44583	-0.030399	-0.0736715	0.996819	
-0.948648	6.10464	4.44583	-0.954252	-0.291468	0.0667087	
-0.948648	6.10464	4.44583	-0.954252	-0.291468	0.0667087	
-0.597725	6.06481	4.26624	-0.328296	-0.202031	0.922716	
-0.597725	6.06481	4.26624	-0.328296	-0.202031	0.922716	
-0.597725	6.06481	4.26624	-0.972948	0.130108	-0.190905	
-0.597725	6.06481	4.26624	-0.972948	0.130108	-0.190905	
-0.0494787	5.68342	4.3869	-0.879868	0.108703	0.462619	
-0.0494787	5.68342	4.3869	-0.879868	0.108703	0.462619	
-0.0494787	5.68342	4.3869	-0.153807	0.952334	-0.263444	
-0.0494787	5.68342	4.3869	-0.153807	0.952334	-0.263444	
-0.153033	5.0873	3.5907	0.576694	0.566894	0.588265	
-0.236481	5.09822	3.13946	-0.985204	0.069227	0.156783	
-0.737327	6.53098	3.77094	-0.302701	0.0889282	0.948928	
-0.737327	6.53098	3.77094	-0.302701	0.0889282	0.948928	
-0.737327	6.53098	3.77094	-0.971156	0.131584	-0.198849	
-0.737327	6.53098	3.77094	-0.971156	0.131584	-0.198849	
-0.405018	6.32748	3.69921	-0.598556	0.0826048	0.796811	
-0.405018	6.32748	3.69921	-0.598556	0.0826048	0.796811	
-0.405018	6.32748	3.69921	-0.743807	0.483012	-0.462007	
-0.405018	6.32748	3.69921	-0.743807	0.483012	-0.462007	
-0.120906	5.77885	3.98004	-0.83245	0.519979	0.19144	
-0.120906	5.77885	3.98004	-0.83245	0.519979	0.19144	
-0.120906	5.77885	3.98004	0.338325	0.884685	-0.320733	
-0.120906	5.77885	3.98004	0.338325	0.884685	-0.320733	
-0.270539	5.16769	3.20281	0.599755	0.363824	0.71269	
0.0655387	5.32246	2.57458	-0.279463	0.835006	-0.47399	
0.914801	6.66854	2.98601	-0.393005	0.729174	0.560225	
0.914801	6.66854	2.98601	-0.393005	0.729174	0.560225	
0.914801	6.66854	2.98601	-0.0767967	0.67957	-0.72958	
0.914801	6.66854	2.98601	-0.0767967	0.67957	-0.72958	
0.860038	6.29369	3.10212	-0.419572	0.869744	0.259818	
0.860038	6.29369	3.10212	-0.419572	0.869744	0.259818	
0.860038	6.29369	3.10212	0.399462	0.546974	-0.735697	
0.860038	6.29369	3.10212	0.399462	0.546974	-0.735697	
0.348344	5.96615	3.40457	0.141281	0.949505	-0.280144	
0.348344	5.96615	3.40457	0.141281	0.949505	-0.280144	
0.348344	5.96615	3.40457	0.994532	0.00597768	0.104258	
0.348344	5.96615	3.40457	0.994532	0.00597768	0.104258	
0.0906813	5.41096	2.61376	0.194859	0.0766251	0.977834	
0.0584758	4.447	2.09135	-0.15727	0.987541	0.00533376	
0.0584758	4.447	2.09135	0.622879	0.751272	-0.218203	
-0.21498	4.09273	1.98925	0.16699	-0.420419	0.891831	
-0.21498	4.09273	1.98925	-0.645881	-0.273388	0.712809	
-0.885537	4.88522	3.26391	-0.98771	-0.152934	-0.0322579	
-1.79991	6.17054	3.72683	-0.490438	0.0206159	0.871232	
-1.79991	6.17054	3.72683	-0.490438	0.0206159	0.871232	
-1.79991	6.17054	3.72683	-0.920007	-0.0896728	-0.381506	
-1.79991	6.17054	3.72683	-0.920007	-0.0896728	-0.381506	
-1.4236	6.04652	3.72724	-0.743032	-0.0521015	0.667225	
-1.4236	6.04652	3.72724	-0.743032	-0.0521015	0.667225	
-1.4236	6.04652	3.72724	-0.729367	0.303265	-0.613233	
-1.4236	6.04652	3.72724	-0.729367	0.303265	-0.613233	
-1.085	5.57599	4.08015	-0.947146	0.320644	0.0100535	
-1.085	5.57599	4.08015	-0.947146	0.320644	0.0100535	
-1.085	5.57599	4.08015	0.190745	0.937395	-0.291388	
-1.085	5.57599	4.08015	0.190745	0.937395	-0.291388	
-0.945478	4.94541	3.31667	0.35774	0.490244	0.794785	
-0.812562	4.93344	2.87747	-0.90946	0.276432	-0.310594	
-1.22126	6.48633	3.22949	-0.669815	0.22917	0.706278	
-1.22126	6.48633	3.22949	-0.669815	0.22917	0.706278	
-1.22126	6.48633	3.22949	-0.723924	0.303661	-0.619455	
-1.22126	6.48633	3.22949	-0.723924	0.303661	-0.619455	
-0.944916	6.21557	3.31499	-0.859215	0.268422	0.435544	
-0.944916	6.21557	3.31499	-0.859215	0.268422	0.435544	
-0.944916	6.21557	3.31499	-0.33268	0.578873	-0.744467	
-0.944916	6.21557	3.31499	-0.33268	0.578873	-0.744467	
-0.943384	5.648	3.68709	-0.695328	0.689246	-0.203615	
-0.943384	5.648	3.68709	-0.695328	0.689246	-0.203615	
-0.943384	5.648	3.68709	0.628446	0.76885	-0.118005	
-0.943384	5.648	3.68709	0.628446	0.76885	-0.118005	
-0.855566	5.01351	2.91916	0.277943	0.298212	0.913136	
-0.248397	5.04349	2.51664	0.151168	0.829472	-0.537704	
0.593319	6.2251	3.28978	-0.435091	0.838411	0.328271	
0.593319	6.2251	3.28978	-0.435091	0.838411	0.328271	
0.593319	6.2251	3.28978	0.408185	0.615371	-0.674317	
0.593319	6.2251	3.28978	0.408185	0.615371	-0.674317	
0.412721	5.88006	3.36274	-0.292701	0.954843	0.0510011	
0.412721	5.88006	3.36274	-0.292701	0.954843	0.0510011	
0.412721	5.88006	3.36274	0.795099	0.391005	-0.463608	
0.412721	5.88006	3.36274	0.795099	0.391005	-0.463608	
-0.237486	5.68793	3.39287	0.453407	0.874705	-0.17121	
-0.237486	5.68793	3.39287	0.453407	0.874705	-0.17121	
-0.237486	5.68793	3.39287	0.816414	-0.1822	0.547971	
-0.237486	5.68793	3.39287	0.816414	-0.1822	0.547971	
-0.225118	5.12831	2.56421	-0.254214	0.121066	0.959541	
-0.226263	4.14822	2.07167	0.0744977	0.995783	-0.053543	
-0.226263	4.14822	2.07167	0.800178	0.591106	0.101535	
-0.773619	3.97435	1.62251	-0.906534	-0.112782	0.406787	
-0.773619	3.97435	1.62251	-0.901219	0.237776	-0.362307	
-1.68258	5.34304	1.67656	-0.300649	0.202453	-0.931999	
-1.74108	6.94234	1.30074	-0.863665	0.493985	-0.100306	
-1.74108	6.94234	1.30074	-0.863665	0.493985	-0.100306	
-1.74108	6.94234	1.30074	0.0438114	0.111817	-0.992763	
-1.74108	6.94234	1.30074	0.0438114	0.111817	-0.992763	
-1.69823	6.70266	1.61332	-0.788459	0.448258	-0.421185	
-1.69823	6.70266	1.61332	-0.788459	0.448258	-0.421185	
-1.69823	6.70266	1.61332	0.468233	0.305527	-0.829103	
-1.69823	6.70266	1.61332	0.468233	0.305527	-0.829103	
-2.12192	6.29809	1.95595	-0.11349	0.614512	-0.780702	
-2.12192	6.29809	1.95595	-0.11349	0.614512	-0.780702	
-2.12192	6.29809	1.95595	0.719861	0.645981	0.253987	
-2.12192	6.29809	1.95595	0.719861	0.645981	0.253987	
-1.71636	5.43479	1.65556	-0.364648	0.577771	0.730214	
-1.31172	5.2245	1.60305	0.150402	0.450996	-0.879762	
-1.0225	6.84018	1.69459	-0.676284	0.68061	-0.281799	
-1.0225	6.84018	1.69459	-0.676284	0.68061	-0.281799	
-1.0225	6.84018	1.69459	0.475154	0.30179	-0.82653	
-1.0225	6.84018	1.69459	0.475154	0.30179	-0.82653	
-1.14449	6.53775	1.91964	-0.477212	0.686726	-0.548339	
-1.14449	6.53775	1.91964	-0.477212	0.686726	-0.548339	
-1.14449	6.53775	1.91964	0.80829	0.360034	-0.465878	
-1.14449	6.53775	1.91964	0.80829	0.360034	-0.465878	
-1.7167	6.17383	1.94654	0.300657	0.771905	-0.56015	
-1.7167	6.17383	1.94654	0.300657	0.771905	-0.56015	
-1.7167	6.17383	1.94654	0.611121	0.406413	0.679234	
-1.7167	6.17383	1.94654	0.611121	0.406413	0.679234	
-1.32268	5.32373	1.59714	-0.572912	0.480193	0.664219	
-0.805913	4.99628	1.99376	0.871364	0.480148	0.100914	
-0.71449	5.99744	3.29443	-0.0182323	0.995777	-0.0899713	
-0.71449	5.99744	3.29443	-0.0182323	0.995777	-0.0899713	
-0.71449	5.99744	3.29443	0.959438	0.156243	0.234663	
-0.71449	5.99744	3.29443	0.959438	0.156243	0.234663	
-0.979171	5.78644	3.08849	0.308255	0.95025	-0.0447706	
-0.979171	5.78644	3.08849	0.308255	0.95025	-0.0447706	
-0.979171	5.78644	3.08849	0.780413	-0.100987	0.617055	
-0.979171	5.78644	3.08849	0.780413	-0.100987	0.617055	
-1.26202	5.85817	2.47576	0.658095	0.541261	0.523399	
-1.26202	5.85817	2.47576	0.658095	0.541261	0.523399	
-1.26202	5.85817	2.47576	-0.335267	-0.253639	0.907339	
-1.26202	5.85817	2.47576	-0.335267	-0.253639	0.907339	
-0.80234	5.07841	2.05069	-0.831911	0.52919	0.166982	
-0.822062	4.05529	1.65571	0.512406	0.820494	0.253435	
-0.822062	4.05529	1.65571	0.388946	0.268289	0.88133	
-0.383505	3.24498	1.06052	-0.74862	0.355988	0.559321	
-0.296563	2.18414	0.795481	0.302406	0.947022	-0.108168	
-0.296563	2.18414	0.795481	0.679627	0.520738	0.516662	
-0.482963	1.9666	0.125026	-0.965926	0.0669873	-0.25	
-0.482963	1.9666	0.125026	-0.422618	0.23457	-0.875426	
-0.92112	3.39212	-0.56661	0.375	0.0163063	-0.926881	
-0.397296	4.86508	-1.07495	0.849034	0.205494	0.486738	
-0.397296	4.86508	-1.07495	0.143943	0.467933	0.871963	
-0.200036	6.4448	-0.66503	-0.630733	0.200763	0.74958	
-0.869108	7.94579	-0.707352	0.268452	0.722733	0.63686	
-0.869108	7.94579	-0.707352	0.268452	0.722733	0.63686	
-0.869108	7.94579	-0.707352	-0.844957	0.00443454	0.534816	
-0.869108	7.94579	-0.707352	-0.844957	0.00443454	0.534816	
-0.582793	7.73323	-0.880068	-0.0175212	0.627928	0.778074	
-0.582793	7.73323	-0.880068	-0.0175212	0.627928	0.778074	
-0.582793	7.73323	-0.880068	-0.994935	0.0733204	0.0687664	
-0.582793	7.73323	-0.880068	-0.994935	0.0733204	0.0687664	
0.0240401	7.50917	-0.674786	-0.715543	0.547915	0.433344	
0.0240401	7.50917	-0.674786	-0.715543	0.547915	0.433344	
0.0240401	7.50917	-0.674786	-0.352794	0.41575	-0.838265	
0.0240401	7.50917	-0.674786	-0.352794	0.41575	-0.838265	
-0.221325	6.54023	-0.644073	0.637878	0.723924	-0.262765	
-0.431882	6.21284	-0.887357	-0.89802	0.303626	0.318388	
-0.921953	7.66492	-1.48209	-0.0257864	0.826463	0.562401	
-0.921953	7.66492	-1.48209	-0.0257864	0.826463	0.562401	
-0.921953	7.66492	-1.48209	-0.995729	0.0678968	0.0625662	
-0.921953	7.66492	-1.48209	-0.995729	0.0678968	0.0625662	
-0.599669	7.43532	-1.46198	-0.349102	0.747899	0.564601	
-0.599669	7.43532	-1.46198	-0.349102	0.747899	0.564601	
-0.599669	7.43532	-1.46198	-0.904474	0.053656	-0.42314	
-0.599669	7.43532	-1.46198	-0.904474	0.053656	-0.42314	
-0.173977	7.26701	-0.960936	-0.805356	0.590552	-0.0514756	
-0.173977	7.26701	-0.960936	-0.805356	0.590552	-0.0514756	
-0.173977	7.26701	-0.960936	0.106399	0.259515	-0.95986	
-0.173977	7.26701	-0.960936	0.106399	0.259515	-0.95986	
-0.455479	6.30974	-0.894631	0.723538	0.689	-0.0420985	
-0.339254	5.87699	-1.46978	-0.516358	0.198715	-0.832998	
0.398686	6.91412	-2.51009	-0.311499	0.941824	-0.126235	
0.398686	6.91412	-2.51009	-0.311499	0.941824	-0.126235	
0.398686	6.91412	-2.51009	-0.37651	-0.123387	-0.918159	
0.398686	6.91412	-2.51009	-0.37651	-0.123387	-0.918159	
0.431856	6.77639	-2.14006	-0.44256	0.803166	-0.398828	
0.431856	6.77639	-2.14006	-0.44256	0.803166	-0.398828	
0.431856	6.77639	-2.14006	0.0913237	-0.278759	-0.956009	
0.431856	6.77639	-2.14006	0.0913237	-0.278759	-0.956009	
0.0791647	6.87614	-1.56888	-0.0775688	0.35922	-0.930024	
0.0791647	6.87614	-1.56888	-0.0775688	0.35922	-0.930024	
0.0791647	6.87614	-1.56888	0.971691	-0.0576867	-0.229105	
0.0791647	6.87614	-1.56888	0.971691	-0.0576867	-0.229105	
-0.316328	5.95885	-1.52244	0.455754	0.770197	0.446188	
-0.364562	4.95955	-1.07271	-0.283508	0.644412	-0.71018	
-0.364562	4.95955	-1.07271	0.423967	0.214213	-0.87998	
-0.604324	4.69843	-0.781094	0.473025	0.39717	0.78645	
-0.604324	4.69843	-0.781094	-0.369117	0.467436	0.803278	
-0.981791	6.26727	-0.466918	-0.924248	0.0199777	0.381269	
-1.89199	7.5566	-0.926906	-0.21667	0.750816	0.623962	
-1.89199	7.5566	-0.926906	-0.21667	0.750816	0.623962	
-1.89199	7.5566	-0.926906	-0.969395	-0.217917	0.113075	
-1.89199	7.5566	-0.926906	-0.969395	-0.217917	0.113075	
-1.51818	7.42581	-0.939024	-0.50479	0.584759	0.635015	
-1.51818	7.42581	-0.939024	-0.50479	0.584759	0.635015	
-1.51818	7.42581	-0.939024	-0.909592	-0.176858	-0.375984	
-1.51818	7.42581	-0.939024	-0.909592	-0.176858	-0.375984	
-1.03085	7.3539	-0.472191	-0.938842	0.343008	0.0303407	
-1.03085	7.3539	-0.472191	-0.938842	0.343008	0.0303407	
-1.03085	7.3539	-0.472191	-0.0322653	0.335986	-0.941314	
-1.03085	7.3539	-0.472191	-0.0322653	0.335986	-0.941314	
-1.03169	6.35392	-0.465744	0.500424	0.865478	-0.0229	
-1.03058	5.99069	-0.746398	-0.989395	0.0640631	-0.130358	
-1.53036	7.29051	-1.61996	-0.462893	0.780311	0.42053	
-1.53036	7.29051	-1.61996	-0.462893	0.780311	0.42053	
-1.53036	7.29051	-1.61996	-0.906281	-0.182156	-0.381412	
-1.53036	7.29051	-1.61996	-0.906281	-0.182156	-0.381412	
-1.20657	7.14737	-1.44204	-0.725767	0.624159	0.289288	
-1.20657	7.14737	-1.44204	-0.725767	0.624159	0.289288	
-1.20657	7.14737	-1.44204	-0.609421	-0.161439	-0.776236	
-1.20657	7.14737	-1.44204	-0.609421	-0.161439	-0.776236	
-1.01977	7.07737	-0.793354	-0.81251	0.37399	-0.447168	
-1.01977	7.07737	-0.793354	-0.81251	0.37399	-0.447168	
-1.01977	7.07737	-0.793354	0.455682	0.301268	-0.837611	
-1.01977	7.07737	-0.793354	0.455682	0.301268	-0.837611	
-1.07035	6.07889	-0.771674	0.485338	0.847426	0.215212	
-0.615029	5.70261	-1.19908	-0.125854	0.0851665	-0.988386	
0.242594	6.91532	-1.90354	-0.433236	0.838267	-0.331082	
0.242594	6.91532	-1.90354	-0.433236	0.838267	-0.331082	
0.242594	6.91532	-1.90354	0.10785	-0.190123	-0.975818	
0.242594	6.91532	-1.90354	0.10785	-0.190123	-0.975818	
0.13998	6.78104	-1.54517	-0.394195	0.678229	-0.620174	
0.13998	6.78104	-1.54517	-0.394195	0.678229	-0.620174	
0.13998	6.78104	-1.54517	0.566106	-0.223925	-0.793336	
0.13998	6.78104	-1.54517	0.566106	-0.223925	-0.793336	
-0.44106	6.77635	-1.19452	0.259899	0.351587	-0.899355	
-0.44106	6.77635	-1.19452	0.259899	0.351587	-0.899355	
-0.44106	6.77635	-1.19452	0.956613	0.190188	0.220728	
-0.44106	6.77635	-1.19452	0.956613	0.190188	0.220728	
-0.590947	5.78887	-1.24358	0.0187935	0.847819	0.529952	
-0.598918	4.79797	-0.773205	-0.0819631	0.571465	-0.816523	
-0.598918	4.79797	-0.773205	0.706139	0.334005	-0.624346	
-1.22306	4.4225	-0.740815	-0.726393	0.370289	0.578999	
-1.22306	4.4225	-0.740815	-0.991157	-0.000959733	-0.132689	
-2.25738	5.44965	-1.50081	-0.581241	-0.545369	-0.60393	
-2.64132	6.17051	-2.92748	-0.91539	0.354969	-0.189892	
-2.64132	6.17051	-2.92748	-0.91539	0.354969	-0.189892	
-2.64132	6.17051	-2.92748	-0.259827	-0.697658	-0.667655	
-2.64132	6.17051	-2.92748	-0.259827	-0.697658	-0.667655	
-2.47768	6.25417	-2.57646	-0.930245	0.0695648	-0.360285	
-2.47768	6.25417	-2.57646	-0.930245	0.0695648	-0.360285	
-2.47768	6.25417	-2.57646	0.162844	-0.511262	-0.843856	
-2.47768	6.25417	-2.57646	0.162844	-0.511262	-0.843856	
-2.72479	6.32402	-1.94825	-0.417048	-0.198089	-0.887035	
-2.72479	6.32402	-1.94825	-0.417048	-0.198089	-0.887035	
-2.72479	6.32402	-1.94825	0.666379	0.496685	-0.556097	
-2.72479	6.32402	-1.94825	0.666379	0.496685	-0.556097	
-2.30807	5.49576	-1.57363	-0.214812	0.973424	0.079377	
-1.91078	5.26637	-1.55797	-0.172979	-0.413902	-0.893736	
-1.83284	6.30649	-2.82861	-0.815792	0.305916	-0.490814	
-1.83284	6.30649	-2.82861	-0.815792	0.305916	-0.490814	
-1.83284	6.30649	-2.82861	0.170659	-0.51261	-0.841491	
-1.83284	6.30649	-2.82861	0.170659	-0.51261	-0.841491	
-1.84197	6.30718	-2.4325	-0.704753	0.0770196	-0.70526	
-1.84197	6.30718	-2.4325	-0.704753	0.0770196	-0.70526	
-1.84197	6.30718	-2.4325	0.582218	-0.246922	-0.77463	
-1.84197	6.30718	-2.4325	0.582218	-0.246922	-0.77463	
-2.32636	6.18144	-1.97409	0.0172754	0.0106767	-0.999794	
-2.32636	6.18144	-1.97409	0.0172754	0.0106767	-0.999794	
-2.32636	6.18144	-1.97409	0.718808	0.688376	-0.0972306	
-2.32636	6.18144	-1.97409	0.718808	0.688376	-0.0972306	
-1.93653	5.32549	-1.6344	-0.417747	0.891357	0.175984	
-1.28747	5.35131	-1.30329	0.788702	0.253976	-0.559862	
-0.96408	6.96235	-1.35224	-0.180332	0.556706	-0.8109	
-0.96408	6.96235	-1.35224	-0.180332	0.556706	-0.8109	
-0.96408	6.96235	-1.35224	0.955299	0.141347	-0.259662	
-0.96408	6.96235	-1.35224	0.955299	0.141347	-0.259662	
-1.24517	6.71	-1.23267	0.148359	0.516468	-0.843357	
-1.24517	6.71	-1.23267	0.148359	0.516468	-0.843357	
-1.24517	6.71	-1.23267	0.93121	0.29911	0.208282	
-1.24517	6.71	-1.23267	0.93121	0.29911	0.208282	
-1.69957	6.32515	-1.55824	0.699867	0.646563	-0.303551	
-1.69957	6.32515	-1.55824	0.699867	0.646563	-0.303551	
-1.69957	6.32515	-1.55824	-0.0214486	0.584831	0.810872	
-1.69957	6.32515	-1.55824	-0.0214486	0.584831	0.810872	
-1.279	5.44586	-1.33473	-0.813158	0.577481	-0.0727262	
-1.27055	4.5055	-0.770063	0.445588	0.634958	-0.631094	
-1.27055	4.5055	-0.770063	0.585492	0.788527	0.188215	
-0.914778	3.47961	-0.614611	-0.597368	0.758163	0.261421	
-0.617255	3.22574	-0.374327	0.743018	0.226597	-0.629745	
-0.105004	4.78634	-0.306664	0.512044	0.115413	0.85117	
-0.105004	4.78634	-0.306664	-0.316817	0.27052	0.909091	
-0.303884	6.24346	0.427962	-0.917437	0.0175206	0.397496	
-1.06088	7.70095	0.35651	-0.132676	0.573304	0.808529	
-1.06088	7.70095	0.35651	-0.132676	0.573304	0.808529	
-1.06088	7.70095	0.35651	-0.988213	-0.132586	0.0765306	
-1.06088	7.70095	0.35651	-0.988213	-0.132586	0.0765306	
-0.704201	7.53809	0.299539	-0.437755	0.44311	0.78232	
-0.704201	7.53809	0.299539	-0.437755	0.44311	0.78232	
-0.704201	7.53809	0.299539	-0.922392	0.0323021	-0.384903	
-0.704201	7.53809	0.299539	-0.922392	0.0323021	-0.384903	
-0.229809	7.28964	0.716449	-0.894167	0.422949	0.1469	
-0.229809	7.28964	0.716449	-0.894167	0.422949	0.1469	
-0.229809	7.28964	0.716449	0.00930223	0.579326	-0.815043	
-0.229809	7.28964	0.716449	0.00930223	0.579326	-0.815043	
-0.343673	6.3315	0.453748	0.595107	0.77909	0.197149	
-0.382613	6.0598	0.0858247	-0.975341	0.205119	-0.0814645	
-0.729146	7.59405	-0.39211	-0.373254	0.683527	0.627274	
-0.729146	7.59405	-0.39211	-0.373254	0.683527	0.627274	
-0.729146	7.59405	-0.39211	-0.919681	0.0283387	-0.391643	
-0.729146	7.59405	-0.39211	-0.919681	0.0283387	-0.391643	
-0.424242	7.37351	-0.268084	-0.651617	0.598495	0.466046	
-0.424242	7.37351	-0.268084	-0.651617	0.598495	0.466046	
-0.424242	7.37351	-0.268084	-0.620962	0.122277	-0.774244	
-0.424242	7.37351	-0.268084	-0.620962	0.122277	-0.774244	
-0.248895	7.11072	0.332571	-0.763423	0.567774	-0.307925	
-0.248895	7.11072	0.332571	-0.763423	0.567774	-0.307925	
-0.248895	7.11072	0.332571	0.489823	0.464526	-0.737759	
-0.248895	7.11072	0.332571	0.489823	0.464526	-0.737759	
-0.412072	6.15536	0.0862872	0.57722	0.699124	0.421951	
-0.000650052	5.86099	-0.43874	-0.111862	0.362412	-0.925281	
0.991061	7.1172	-0.814082	-0.334531	0.938847	-0.0815784	
0.991061	7.1172	-0.814082	-0.334531	0.938847	-0.0815784	
0.991061	7.1172	-0.814082	0.0891866	0.0700447	-0.993549	
0.991061	7.1172	-0.814082	0.0891866	0.0700447	-0.993549	
0.872639	6.90316	-0.502387	-0.312785	0.859618	-0.404007	
0.872639	6.90316	-0.502387	-0.312785	0.859618	-0.404007	
0.872639	6.90316	-0.502387	0.540027	-0.0619114	-0.839368	
0.872639	6.90316	-0.502387	0.540027	-0.0619114	-0.839368	
0.293532	6.86769	-0.150296	0.301205	0.550836	-0.778367	
0.293532	6.86769	-0.150296	0.301205	0.550836	-0.778367	
0.293532	6.86769	-0.150296	0.971177	0.0172474	0.237736	
0.293532	6.86769	-0.150296	0.971177	0.0172474	0.237736	
0.0331855	5.95287	-0.459037	0.112578	0.665649	0.737725	
-0.088412	4.87882	-0.272445	-0.0139144	0.776291	-0.630222	
-0.088412	4.87882	-0.272445	0.741606	0.410706	-0.530416	
-0.399198	4.55478	-0.176986	0.0218276	0.228099	0.973393	
-0.399198	4.55478	-0.176986	-0.741506	0.272444	0.613143	
-1.06419	6.00807	0.207902	-0.992174	-0.0859693	-0.0905526	
-1.82374	7.34396	-0.375988	-0.560849	0.591668	0.579118	
-1.82374	7.34396	-0.375988	-0.560849	0.591668	0.579118	
-1.82374	7.34396	-0.375988	-0.884105	-0.26089	-0.387679	
-1.82374	7.34396	-0.375988	-0.884105	-0.26089	-0.387679	
-1.47076	7.2281	-0.238255	-0.801302	0.420197	0.425852	
-1.47076	7.2281	-0.238255	-0.801302	0.420197	0.425852	
-1.47076	7.2281	-0.238255	-0.618514	-0.11303	-0.777602	
-1.47076	7.2281	-0.238255	-0.618514	-0.11303	-0.777602	
-1.2372	7.06833	0.378601	-0.888239	0.30518	-0.343361	
-1.2372	7.06833	0.378601	-0.888239	0.30518	-0.343361	
-1.2372	7.06833	0.378601	0.349247	0.531726	-0.771553	
-1.2372	7.06833	0.378601	0.349247	0.531726	-0.771553	
-1.11951	6.09115	0.20173	0.349281	0.861704	0.36806	
-0.949647	5.79777	-0.107753	-0.827795	0.0666996	-0.557051	
-1.16232	7.24383	-0.860147	-0.692454	0.658668	0.294388	
-1.16232	7.24383	-0.860147	-0.692454	0.658668	0.294388	
-1.16232	7.24383	-0.860147	-0.612519	-0.116938	-0.781758	
-1.16232	7.24383	-0.860147	-0.612519	-0.116938	-0.781758	
-0.936746	7.07339	-0.582569	-0.848421	0.528418	0.0309121	
-0.936746	7.07339	-0.582569	-0.848421	0.528418	0.0309121	
-0.936746	7.07339	-0.582569	-0.176004	-0.00363003	-0.984383	
-0.936746	7.07339	-0.582569	-0.176004	-0.00363003	-0.984383	
-1.05099	6.8686	0.0542984	-0.567524	0.44232	-0.694457	
-1.05099	6.8686	0.0542984	-0.567524	0.44232	-0.694457	
-1.05099	6.8686	0.0542984	0.740347	0.487214	-0.463151	
-1.05099	6.8686	0.0542984	0.740347	0.487214	-0.463151	
-0.984399	5.88836	-0.131963	0.232187	0.791949	0.564717	
-0.344614	5.62525	-0.362236	0.317556	0.294934	-0.901206	
0.582645	6.98268	-0.358707	-0.338897	0.879366	-0.334461	
0.582645	6.98268	-0.358707	-0.338897	0.879366	-0.334461	
0.582645	6.98268	-0.358707	0.552751	0.0292871	-0.832832	
0.582645	6.98268	-0.358707	0.552751	0.0292871	-0.832832	
0.348494	6.77122	-0.119021	-0.15627	0.787016	-0.596813	
0.348494	6.77122	-0.119021	-0.15627	0.787016	-0.596813	
0.348494	6.77122	-0.119021	0.882355	-0.0321846	-0.469482	
0.348494	6.77122	-0.119021	0.882355	-0.0321846	-0.469482	
-0.322508	6.67623	-0.0826707	0.587964	0.544959	-0.597761	
-0.322508	6.67623	-0.0826707	0.587964	0.544959	-0.597761	
-0.322508	6.67623	-0.0826707	0.727672	0.160942	0.666777	
-0.322508	6.67623	-0.0826707	0.727672	0.160942	0.666777	
-0.313917	5.71967	-0.374107	-0.321853	0.71251	0.62349	
-0.409984	4.65032	-0.149518	0.221082	0.733153	-0.643125	
-0.409984	4.65032	-0.149518	0.863788	0.478903	-0.156596	
-0.93271	4.26167	-0.477058	-0.947026	0.217692	0.236117	
-0.93271	4.26167	-0.477058	-0.820435	0.00371597	-0.571728	
-1.63718	5.40392	-1.42649	-0.181056	-0.415034	-0.891608	
-1.43084	6.40814	-2.71156	-0.770933	0.365308	-0.52174	
-1.43084	6.40814	-2.71156	-0.770933	0.365308	-0.52174	
-1.43084	6.40814	-2.71156	0.150985	-0.541931	-0.82675	
-1.43084	6.40814	-2.71156	0.150985	-0.541931	-0.82675	
-1.45188	6.41745	-2.31601	-0.673715	0.123505	-0.728597	
-1.45188	6.41745	-2.31601	-0.673715	0.123505	-0.728597	
-1.45188	6.41745	-2.31601	0.581819	-0.31142	-0.751334	
-1.45188	6.41745	-2.31601	0.581819	-0.31142	-0.751334	
-1.95903	6.34298	-1.87121	0.0484326	-0.0106044	-0.99877	
-1.95903	6.34298	-1.87121	0.0484326	-0.0106044	-0.99877	
-1.95903	6.34298	-1.87121	0.778418	0.621831	-0.0859769	
-1.95903	6.34298	-1.87121	0.778418	0.621831	-0.0859769	
-1.65537	5.46351	-1.50471	-0.344006	0.927336	0.147334	
-1.28195	5.24598	-1.34998	0.29418	-0.213773	-0.931536	
-0.773851	6.53906	-2.22872	-0.542767	0.385305	-0.746287	
-0.773851	6.53906	-2.22872	-0.542767	0.385305	-0.746287	
-0.773851	6.53906	-2.22872	0.587866	-0.313059	-0.745927	
-0.773851	6.53906	-2.22872	0.587866	-0.313059	-0.745927	
-0.958202	6.4534	-1.88863	-0.321093	0.211291	-0.923177	
-0.958202	6.4534	-1.88863	-0.321093	0.211291	-0.923177	
-0.958202	6.4534	-1.88863	0.891124	-0.0582987	-0.45	
-0.958202	6.4534	-1.88863	0.891124	-0.0582987	-0.45	
-1.57668	6.2192	-1.73622	0.458679	0.228223	-0.858794	
-1.57668	6.2192	-1.73622	0.458679	0.228223	-0.858794	
-1.57668	6.2192	-1.73622	0.597617	0.710387	0.371758	
-1.57668	6.2192	-1.73622	0.597617	0.710387	0.371758	
-1.27797	5.31965	-1.41748	-0.557103	0.821297	0.122912	
-0.852384	5.28869	-0.826298	0.918085	0.388807	-0.0771342	
-0.739059	6.87924	-0.426605	0.133078	0.715127	-0.686209	
-0.739059	6.87924	-0.426605	0.133078	0.715127	-0.686209	
-0.739059	6.87924	-0.426605	0.946077	0.217702	0.239882	
-0.739059	6.87924	-0.426605	0.946077	0.217702	0.239882	
-1.01106	6.60014	-0.498059	0.444077	0.690946	-0.570429	
-1.01106	6.60014	-0.498059	0.444077	0.690946	-0.570429	
-1.01106	6.60014	-0.498059	0.697452	0.26931	0.664103	
-1.01106	6.60014	-0.498059	0.697452	0.26931	0.664103	
-1.22283	6.28432	-1.0602	0.677639	0.713984	0.176159	
-1.22283	6.28432	-1.0602	0.677639	0.713984	0.176159	
-1.22283	6.28432	-1.0602	-0.450598	0.39383	0.801161	
-1.22283	6.28432	-1.0602	-0.450598	0.39383	0.801161	
-0.842354	5.388	-0.8325	-0.75931	0.55945	-0.33236	
-0.971914	4.34786	-0.509218	0.599067	0.76767	-0.2276	
-0.971914	4.34786	-0.509218	0.340215	0.742792	0.57664	
-0.600894	3.32171	-0.397182	-0.73834	0.668369	0.0902062	
-0.513431	3.04405	0.271272	0.710955	0.40625	0.574024	
-1.01438	4.29755	1.20947	-0.561464	-0.37689	0.73669	
-1.01438	4.29755	1.20947	-0.985584	-0.16511	0.0369075	
-2.29553	5.22936	1.6486	-0.6835	-0.0603305	-0.727453	
-3.11739	6.62238	1.35452	-0.956331	0.122292	0.265474	
-3.11739	6.62238	1.35452	-0.956331	0.122292	0.265474	
-3.11739	6.62238	1.35452	-0.382086	-0.0260733	-0.923759	
-3.11739	6.62238	1.35452	-0.382086	-0.0260733	-0.923759	
-2.86896	6.46351	1.61916	-0.996383	0.0610489	-0.0591109	
-2.86896	6.46351	1.61916	-0.996383	0.0610489	-0.0591109	
-2.86896	6.46351	1.61916	-0.0411732	0.331511	-0.942552	
-2.86896	6.46351	1.61916	-0.0411732	0.331511	-0.942552	
-2.93498	5.98635	2.09723	-0.63218	0.408994	-0.658082	
-2.93498	5.98635	2.09723	-0.63218	0.408994	-0.658082	
-2.93498	5.98635	2.09723	0.444072	0.894688	-0.048305	
-2.93498	5.98635	2.09723	0.444072	0.894688	-0.048305	
-2.36795	5.29819	1.64455	-0.257876	0.503577	0.824567	
-1.9658	5.24581	1.42952	-0.383963	0.341142	-0.858018	
-2.32642	6.84966	1.4225	-0.941474	0.33602	0.0267691	
-2.32642	6.84966	1.4225	-0.941474	0.33602	0.0267691	
-2.32642	6.84966	1.4225	-0.0329292	0.330994	-0.943058	
-2.32642	6.84966	1.4225	-0.0329292	0.330994	-0.943058	
-2.22436	6.5599	1.67271	-0.877701	0.375788	-0.297363	
-2.22436	6.5599	1.67271	-0.877701	0.375788	-0.297363	
-2.22436	6.5599	1.67271	0.3593	0.559375	-0.746997	
-2.22436	6.5599	1.67271	0.3593	0.559375	-0.746997	
-2.55001	6.01951	1.92276	-0.264075	0.737747	-0.621284	
-2.55001	6.01951	1.92276	-0.264075	0.737747	-0.621284	
-2.55001	6.01951	1.92276	0.607984	0.696749	0.380653	
-2.55001	6.01951	1.92276	0.607984	0.696749	0.380653	
-2.01636	5.33209	1.43016	-0.418765	0.327879	0.846836	
-1.30453	5.27875	1.57861	0.57866	0.775585	-0.252231	
-1.13208	6.42191	2.74732	-0.442121	0.895029	-0.0587546	
-1.13208	6.42191	2.74732	-0.442121	0.895029	-0.0587546	
-1.13208	6.42191	2.74732	0.830723	0.529841	-0.170784	
-1.13208	6.42191	2.74732	0.830723	0.529841	-0.170784	
-1.3483	6.10088	2.66258	-0.13357	0.979597	-0.150161	
-1.3483	6.10088	2.66258	-0.13357	0.979597	-0.150161	
-1.3483	6.10088	2.66258	0.926546	0.283631	0.247115	
-1.3483	6.10088	2.66258	0.926546	0.283631	0.247115	
-1.84481	5.97357	2.21777	0.53532	0.815132	0.221341	
-1.84481	5.97357	2.21777	0.53532	0.815132	0.221341	
-1.84481	5.97357	2.21777	0.161625	-0.223634	0.961179	
-1.84481	5.97357	2.21777	0.161625	-0.223634	0.961179	
-1.31247	5.36383	1.63056	-0.842742	0.205294	0.497635	
-1.07437	4.35897	1.26074	0.201204	0.978816	0.037897	
-1.07437	4.35897	1.26074	0.552617	0.517819	0.653053	
-1.13845	4.07174	0.908464	-0.893974	-0.27604	0.353004	
-1.13845	4.07174	0.908464	-0.900573	0.0337358	-0.433393	
-2.30316	5.22871	0.822862	-0.263775	0.0956093	-0.959834	
-2.65039	6.76459	0.350707	-0.934651	0.303637	-0.185017	
-2.65039	6.76459	0.350707	-0.934651	0.303637	-0.185017	
-2.65039	6.76459	0.350707	0.0954165	0.0740899	-0.992676	
-2.65039	6.76459	0.350707	0.0954165	0.0740899	-0.992676	
-2.58438	6.55273	0.67895	-0.827865	0.259877	-0.497094	
-2.58438	6.55273	0.67895	-0.827865	0.259877	-0.497094	
-2.58438	6.55273	0.67895	0.459197	0.35692	-0.813478	
-2.58438	6.55273	0.67895	0.459197	0.35692	-0.813478	
-2.94365	6.0863	1.01654	-0.174358	0.543374	-0.821185	
-2.94365	6.0863	1.01654	-0.174358	0.543374	-0.821185	
-2.94365	6.0863	1.01654	0.555586	0.789175	0.261778	
-2.94365	6.0863	1.01654	0.555586	0.789175	0.261778	
-2.35285	5.31068	0.794365	-0.526393	0.523738	0.669782	
-1.91166	5.18468	0.780679	0.123511	0.432521	-0.893124	
-1.95765	6.82788	0.795692	-0.775035	0.516115	-0.364617	
-1.95765	6.82788	0.795692	-0.775035	0.516115	-0.364617	
-1.95765	6.82788	0.795692	0.466509	0.354784	-0.810246	
-1.95765	6.82788	0.795692	0.466509	0.354784	-0.810246	
-2.0336	6.51732	1.02973	-0.561644	0.550603	-0.617569	
-2.0336	6.51732	1.02973	-0.561644	0.550603	-0.617569	
-2.0336	6.51732	1.02973	0.753211	0.495355	-0.432777	
-2.0336	6.51732	1.02973	0.753211	0.495355	-0.432777	
-2.52226	6.0465	1.04077	0.182323	0.791128	-0.583845	
-2.52226	6.0465	1.04077	0.182323	0.791128	-0.583845	
-2.52226	6.0465	1.04077	0.464966	0.551699	0.692412	
-2.52226	6.0465	1.04077	0.464966	0.551699	0.692412	
-1.94167	5.27926	0.768254	-0.705477	0.38312	0.596255	
-1.40147	5.08138	1.21614	0.748177	0.650863	0.128874	
-1.60957	6.13715	2.45891	-0.209288	0.966384	-0.149331	
-1.60957	6.13715	2.45891	-0.209288	0.966384	-0.149331	
-1.60957	6.13715	2.45891	0.888635	0.357824	0.286862	
-1.60957	6.13715	2.45891	0.888635	0.357824	0.286862	
-1.81064	5.86791	2.24898	0.11537	0.990061	-0.0804336	
-1.81064	5.86791	2.24898	0.11537	0.990061	-0.0804336	
-1.81064	5.86791	2.24898	0.73609	0.0869127	0.671281	
-1.81064	5.86791	2.24898	0.73609	0.0869127	0.671281	
-2.05507	5.85345	1.61602	0.495768	0.6862	0.5323	
-2.05507	5.85345	1.61602	0.495768	0.6862	0.5323	
-2.05507	5.85345	1.61602	-0.34551	-0.275721	0.896995	
-2.05507	5.85345	1.61602	-0.34551	-0.275721	0.896995	
-1.41863	5.16498	1.26825	-0.930793	0.356407	0.0812364	
-1.2044	4.14257	0.933644	0.318183	0.917797	0.237505	
-1.2044	4.14257	0.933644	0.260144	0.380527	0.887426	
-0.970459	4.03095	0.252184	-0.642361	0.194827	-0.741225	
-0.970459	4.03095	0.252184	0.164229	0.384141	-0.908551	
-0.913971	5.56893	-0.325605	0.842367	0.0948685	-0.530488	
-0.178648	7.03382	-0.199766	-0.00644993	0.666789	-0.745219	
-0.178648	7.03382	-0.199766	-0.00644993	0.666789	-0.745219	
-0.178648	7.03382	-0.199766	0.965554	-0.0886413	-0.24464	
-0.178648	7.03382	-0.199766	0.965554	-0.0886413	-0.24464	
-0.519118	6.85325	-0.107784	0.300967	0.545073	-0.782505	
-0.519118	6.85325	-0.107784	0.300967	0.545073	-0.782505	
-0.519118	6.85325	-0.107784	0.971133	0.0196702	0.237727	
-0.519118	6.85325	-0.107784	0.971133	0.0196702	0.237727	
-1.0496	6.63817	-0.472367	0.852659	0.467714	-0.232844	
-1.0496	6.63817	-0.472367	0.852659	0.467714	-0.232844	
-1.0496	6.63817	-0.472367	0.110836	0.481005	0.869683	
-1.0496	6.63817	-0.472367	0.110836	0.481005	0.869683	
-0.880191	5.66068	-0.346598	-0.631234	0.775552	-0.00791464	
-0.779038	5.34995	-0.0242298	0.972505	0.227988	-0.0474848	
-0.385672	6.83006	0.573234	0.258039	0.763673	-0.591793	
-0.385672	6.83006	0.573234	0.258039	0.763673	-0.591793	
-0.385672	6.83006	0.573234	0.969589	0.0148661	0.244287	
-0.385672	6.83006	0.573234	0.969589	0.0148661	0.244287	
-0.702822	6.61485	0.472801	0.559777	0.670329	-0.487143	
-0.702822	6.61485	0.472801	0.559777	0.670329	-0.487143	
-0.702822	6.61485	0.472801	0.73388	0.0537606	0.677149	
-0.702822	6.61485	0.472801	0.73388	0.0537606	0.677149	
-0.967002	6.41703	-0.120214	0.793419	0.554623	0.250759	
-0.967002	6.41703	-0.120214	0.793419	0.554623	0.250759	
-0.967002	6.41703	-0.120214	-0.373961	0.359313	0.855013	
-0.967002	6.41703	-0.120214	-0.373961	0.359313	0.855013	
-0.751558	5.44589	-0.0178867	-0.647957	0.722656	-0.240666	
-1.06972	5.079	0.525932	0.251408	0.257166	0.933091	
-2.00931	6.24861	1.19796	0.32817	0.934224	0.139749	
-2.00931	6.24861	1.19796	0.32817	0.934224	0.139749	
-2.00931	6.24861	1.19796	0.0684385	-0.047892	0.996505	
-2.00931	6.24861	1.19796	0.0684385	-0.047892	0.996505	
-1.93842	6.0761	0.848385	0.359116	0.81771	0.449873	
-1.93842	6.0761	0.848385	0.359116	0.81771	0.449873	
-1.93842	6.0761	0.848385	-0.398981	-0.176739	0.899765	
-1.93842	6.0761	0.848385	-0.398981	-0.176739	0.899765	
-1.42201	6.10143	0.408766	-0.182695	0.446847	0.875757	
-1.42201	6.10143	0.408766	-0.182695	0.446847	0.875757	
-1.42201	6.10143	0.408766	-0.996742	0.0108961	-0.0799207	
-1.42201	6.10143	0.408766	-0.996742	0.0108961	-0.0799207	
-1.10138	5.16671	0.562045	-0.238813	0.741834	-0.626618	
-0.993747	4.12613	0.232226	0.101286	0.698616	0.708292	
-0.993747	4.12613	0.232226	-0.654553	0.321038	0.684467	
-0.527493	3.13612	0.307661	-0.626614	0.629108	-0.459976	
-0.522915	2.05711	0.110454	0.415946	0.804358	0.424261	
-0.522915	2.05711	0.110454	-0.175967	0.420712	0.889965	
